# The first two lines (below the comment lines) indicate the name of the vocal fold model and the number of states.
# The following lines contain the control parameters of the vocal folds and the vocal tract (states)
# in steps of 110 audio samples (corresponding to about 2.5 ms for the sampling rate of 44100 Hz).
# For every step, there is one line with the vocal fold parameters followed by
# one line with the vocal tract parameters.
#
Geometric glottis
383
91.844 0 0.0102 0.02 0.1 1.22204 1 0.05 0 25 -10 
0.2657 -5.0554 0 -3.04 0.0718 -0.1129 0.8 -0.1 -0.1616 -2.2942 4.2381 -1.3232 2.5237 -0.4736 -2.3879 -3.1643 0.2064 0.0384 0.1488 
91.844 0 0.0102 0.02 0.1 1.22204 1 0.05 0 25 -10 
0.2657 -5.0554 0 -3.04 0.0718 -0.1129 0.8 -0.1 -0.1616 -2.2942 4.2381 -1.3232 2.5237 -0.4736 -2.3879 -3.1643 0.2064 0.0384 0.1488 
91.844 0 0.0102 0.02 0.1 1.22204 1 0.05 0 25 -10 
0.2657 -5.0554 0 -3.04 0.0718 -0.1129 0.8 -0.1 -0.1616 -2.2942 4.2381 -1.3232 2.5237 -0.4736 -2.3879 -3.1643 0.2064 0.0384 0.1488 
91.844 0 0.0102 0.02 0.1 1.22204 1 0.05 0 25 -10 
0.2657 -5.0554 0 -3.04 0.0718 -0.1129 0.8 -0.1 -0.1616 -2.2942 4.2381 -1.3232 2.5237 -0.4736 -2.3879 -3.1643 0.2064 0.0384 0.1488 
91.844 0 0.0102 0.02 0.1 1.22204 1 0.05 0 25 -10 
0.2657 -5.0554 0 -3.04 0.0718 -0.1129 0.8 -0.1 -0.1616 -2.2942 4.2381 -1.3232 2.5237 -0.4736 -2.3879 -3.1643 0.2064 0.0384 0.1488 
91.844 0 0.0102 0.02 0.1 1.22204 1 0.05 0 25 -10 
0.2657 -5.0554 0 -3.04 0.0718 -0.1129 0.8 -0.1 -0.1616 -2.2942 4.2381 -1.3232 2.5237 -0.4736 -2.3879 -3.1643 0.2064 0.0384 0.1488 
91.844 0 0.0102 0.02 0.1 1.22204 1 0.05 0 25 -10 
0.2657 -5.0554 0 -3.04 0.0718 -0.1129 0.8 -0.1 -0.1616 -2.2942 4.2381 -1.3232 2.5237 -0.4736 -2.3879 -3.1643 0.2064 0.0384 0.1488 
91.844 1.35507 0.0102 0.02 0.1 1.22204 1 0.05 0 25 -10 
0.2657 -5.0554 0 -3.04 0.0718 -0.1129 0.8 -0.1 -0.1616 -2.2942 4.2381 -1.3232 2.5237 -0.4736 -2.3879 -3.1643 0.2064 0.0384 0.1488 
91.844 28.7726 0.0102 0.02 0.1 1.22204 1 0.05 0 25 -10 
0.2657 -5.0554 0 -3.04 0.0718 -0.1129 0.8 -0.1 -0.1616 -2.2942 4.2381 -1.3232 2.5237 -0.4736 -2.3879 -3.1643 0.2064 0.0384 0.1488 
91.844 146.172 0.0102 0.02 0.1 1.22204 1 0.05 0 25 -10 
0.2657 -5.0554 0 -3.04 0.0718 -0.1129 0.8 -0.1 -0.1616 -2.2942 4.2381 -1.3232 2.5237 -0.4736 -2.3879 -3.1643 0.2064 0.0384 0.1488 
91.844 415.042 0.0102 0.02 0.1 1.22204 1 0.05 0 25 -10 
0.2657 -5.0554 0 -3.04 0.0718 -0.1129 0.8 -0.1 -0.1616 -2.2942 4.2381 -1.3232 2.5237 -0.4736 -2.3879 -3.1643 0.2064 0.0384 0.1488 
91.844 859.368 0.0102 0.02 0.1 1.22204 1 0.05 0 25 -10 
0.2657 -5.0554 0 -3.04 0.0718 -0.1129 0.8 -0.1 -0.1616 -2.2942 4.2381 -1.3232 2.5237 -0.4736 -2.3879 -3.1643 0.2064 0.0384 0.1488 
91.844 1461.37 0.0102 0.02 0.1 1.22204 1 0.05 0 25 -10 
0.2657 -5.0554 0 -3.04 0.0718 -0.1129 0.8 -0.1 -0.1616 -2.2942 4.2381 -1.3232 2.5237 -0.4736 -2.3879 -3.1643 0.2064 0.0384 0.1488 
91.844 2175.26 0.0102 0.02 0.1 1.22204 1 0.05 0 25 -10 
0.2657 -5.0554 0 -3.04 0.0718 -0.1129 0.8 -0.1 -0.1616 -2.2942 4.2381 -1.3232 2.5237 -0.4736 -2.3879 -3.1643 0.2064 0.0384 0.1488 
91.844 2944.77 0.0102 0.02 0.1 1.22204 1 0.05 0 25 -10 
0.2657 -5.0554 0 -3.04 0.0718 -0.1129 0.8 -0.1 -0.1616 -2.2942 4.2381 -1.3232 2.5237 -0.4736 -2.3879 -3.1643 0.2064 0.0384 0.1488 
91.844 3716.85 0.0102 0.02 0.1 1.22204 1 0.05 0 25 -10 
0.2657 -5.0554 0 -3.04 0.0718 -0.1129 0.8 -0.1 -0.1616 -2.2942 4.2381 -1.3232 2.5237 -0.4736 -2.3879 -3.1643 0.2064 0.0384 0.1488 
91.844 4449.46 0.0102 0.02 0.1 1.22204 1 0.05 0 25 -10 
0.2657 -5.0554 0 -3.04 0.0718 -0.1129 0.8 -0.1 -0.1616 -2.2942 4.2381 -1.3232 2.5237 -0.4736 -2.3879 -3.1643 0.2064 0.0384 0.1488 
91.844 5114.27 0.0102 0.02 0.1 1.22204 1 0.05 0 25 -10 
0.2657 -5.0554 0 -3.04 0.0718 -0.1129 0.8 -0.1 -0.1616 -2.2942 4.2381 -1.3232 2.5237 -0.4736 -2.3879 -3.1643 0.2064 0.0384 0.1488 
91.844 5695.89 0.0102 0.02 0.1 1.22204 1 0.05 0 25 -10 
0.2657 -5.0554 0 -3.04 0.0718 -0.1129 0.8 -0.1 -0.1616 -2.2942 4.2381 -1.3232 2.5237 -0.4736 -2.3879 -3.1643 0.2064 0.0384 0.1488 
91.844 6189.47 0.0102 0.02 0.1 1.22204 1 0.05 0 25 -10 
0.2657 -5.0554 0 -3.04 0.0718 -0.1129 0.8 -0.1 -0.1616 -2.2942 4.2381 -1.3232 2.5237 -0.4736 -2.3879 -3.1643 0.2064 0.0384 0.1488 
91.844 6597.68 0.0102 0.02 0.1 1.22204 1 0.05 0 25 -10 
0.2657 -5.0554 0 -3.04 0.0718 -0.1129 0.8 -0.1 -0.1616 -2.2942 4.2381 -1.3232 2.5237 -0.4736 -2.3879 -3.1643 0.2064 0.0384 0.1488 
91.844 6927.91 0.0102 0.02 0.1 1.22204 1 0.05 0 25 -10 
0.2657 -5.0554 0 -3.04 0.0718 -0.1129 0.8 -0.1 -0.1616 -2.2942 4.2381 -1.3232 2.5237 -0.4736 -2.3879 -3.1643 0.2064 0.0384 0.1488 
91.844 7190 0.0102 0.02 0.1 1.22204 1 0.05 0 25 -10 
0.2657 -5.0554 0 -3.04 0.0718 -0.1129 0.8 -0.1 -0.1616 -2.2942 4.2381 -1.3232 2.5237 -0.4736 -2.3879 -3.1643 0.2064 0.0384 0.1488 
91.844 7394.55 0.0102 0.02 0.1 1.22204 1 0.05 0 25 -10 
0.2657 -5.0554 0 -3.04 0.0718 -0.112897 0.8 -0.1 -0.161599 -2.2942 4.2381 -1.3232 2.5237 -0.473601 -2.3879 -3.1643 0.2064 0.0384 0.1488 
91.844 7551.84 0.0102 0.02 0.0999999 1.22204 1 0.05 0 25 -10 
0.265693 -5.05532 0 -3.04008 0.0718 -0.112822 0.8 -0.1 -0.161578 -2.29417 4.2381 -1.32323 2.5237 -0.473614 -2.38793 -3.16428 0.2064 0.0384 0.1488 
91.844 7671.23 0.0102 0.02 0.0999965 1.22204 1 0.05 0 25 -10 
0.265655 -5.0549 0 -3.0405 0.0718 -0.112401 0.8 -0.1 -0.161458 -2.29399 4.2381 -1.32337 2.52371 -0.473691 -2.3881 -3.16418 0.2064 0.0384 0.1488 
91.844 7760.79 0.0102 0.0200002 0.0999775 1.22204 1 0.05 0 25 -10 
0.26554 -5.0536 0 -3.04179 0.0718 -0.111115 0.8 -0.1 -0.161093 -2.29346 4.23812 -1.3238 2.52374 -0.473925 -2.38862 -3.16388 0.2064 0.0384 0.1488 
91.844 7827.26 0.0102 0.0200006 0.0999195 1.22204 1 0.05 0 25 -10 
0.265286 -5.05074 0 -3.04464 0.0718 -0.108278 0.8 -0.1 -0.160288 -2.29227 4.23814 -1.32475 2.5238 -0.474441 -2.38978 -3.16321 0.2064 0.0384 0.1488 
91.844 7876.12 0.0102 0.0200015 0.0997915 1.22204 1 0.05 0 25 -10 
0.264827 -5.04555 0 -3.04979 0.0718 -0.103139 0.8 -0.1 -0.15883 -2.29013 4.23818 -1.32647 2.52392 -0.475376 -2.39186 -3.162 0.2064 0.0384 0.1488 
91.844 7911.73 0.0102 0.0200031 0.0995595 1.22204 1 0.05 0 25 -10 
0.264098 -5.03733 0 -3.05796 0.0718 -0.0949893 0.8 -0.1 -0.156518 -2.28674 4.23825 -1.3292 2.52411 -0.47686 -2.39517 -3.16008 0.2064 0.0384 0.1488 
91.844 7937.48 0.0102 0.0200057 0.0991916 1.22204 1 0.05 0 25 -10 
0.263046 -5.02548 0 -3.06975 0.0718 -0.0832382 0.8 -0.1 -0.153183 -2.28185 4.23835 -1.33314 2.52437 -0.478998 -2.39994 -3.15731 0.2064 0.0384 0.1488 
91.844 7955.97 0.0102 0.0200094 0.098661 1.22204 1 0.05 0 25 -10 
0.261635 -5.00957 0 -3.08557 0.0718 -0.0674661 0.8 -0.1 -0.148708 -2.27528 4.23848 -1.33842 2.52473 -0.481869 -2.40634 -3.15359 0.2064 0.0384 0.1488 
91.844 7969.15 0.0102 0.0200144 0.0979488 1.22204 1 0.05 0 25 -10 
0.259844 -4.98938 0 -3.10564 0.0718 -0.0474455 0.8 -0.1 -0.143027 -2.26694 4.23865 -1.34513 2.52518 -0.485513 -2.41447 -3.14887 0.2064 0.0384 0.1488 
91.844 7978.49 0.0102 0.0200207 0.0970446 1.22204 1 0.05 0 25 -10 
0.25767 -4.96486 0 -3.13002 0.0718 -0.0231423 0.8 -0.1 -0.136131 -2.25682 4.23885 -1.35328 2.52574 -0.489936 -2.42434 -3.14314 0.2064 0.0384 0.1488 
91.844 7985.07 0.0102 0.0200284 0.095947 1.22204 1 0.05 0 25 -10 
0.255125 -4.93617 0 -3.15854 0.0718 0.00530056 0.8 -0.1 -0.12806 -2.24497 4.23909 -1.36281 2.52638 -0.495112 -2.43588 -3.13643 0.2064 0.0384 0.1488 
91.844 7989.68 0.0102 0.0200374 0.0946622 1.22204 1 0.05 0 25 -10 
0.252237 -4.90361 0 -3.19092 0.0718 0.0375893 0.8 -0.1 -0.118898 -2.23152 4.23936 -1.37363 2.52711 -0.500989 -2.44899 -3.12882 0.2064 0.0384 0.1488 
91.844 7992.89 0.0102 0.0200476 0.0932037 1.22204 1 0.05 0 25 -10 
0.249041 -4.86757 0 -3.22675 0.0718 0.0733107 0.8 -0.1 -0.108762 -2.21664 4.23966 -1.3856 2.52792 -0.50749 -2.46349 -3.1204 0.2064 0.0384 0.1488 
91.844 7995.13 0.0102 0.0200589 0.0915901 1.22204 1 0.05 0 25 -10 
0.245583 -4.82858 0 -3.26552 0.0718 0.111966 0.8 -0.1 -0.0977938 -2.20054 4.23999 -1.39855 2.5288 -0.514525 -2.47918 -3.11128 0.2064 0.0384 0.1488 
91.8443 7996.67 0.0102 0.0200711 0.0898438 1.22204 1 0.05 0 25 -10 
0.241912 -4.78719 0 -3.30667 0.0718 0.153002 0.8 -0.1 -0.0861496 -2.18345 4.24033 -1.4123 2.52973 -0.521994 -2.49584 -3.10161 0.2064 0.0384 0.1488 
91.8455 7997.73 0.0102 0.0200841 0.0879898 1.22204 1 0.05 0 25 -10 
0.238079 -4.74398 0 -3.34964 0.0718 0.195843 0.8 -0.1 -0.0739936 -2.16561 4.24069 -1.42665 2.5307 -0.529791 -2.51323 -3.09151 0.2064 0.0384 0.1488 
91.849 7998.46 0.0102 0.0200976 0.0860543 1.22204 1 0.05 0 25 -10 
0.234136 -4.69953 0 -3.39383 0.0718 0.23991 0.8 -0.1 -0.0614894 -2.14725 4.24107 -1.44142 2.5317 -0.537811 -2.53112 -3.08112 0.2064 0.0384 0.1488 
91.8566 7998.96 0.0102 0.0201116 0.0840634 1.22204 1 0.05 0 25 -10 
0.230134 -4.6544 0 -3.4387 0.0718 0.284648 0.8 -0.1 -0.048795 -2.12862 4.24144 -1.45641 2.53272 -0.545953 -2.54928 -3.07057 0.2064 0.0384 0.1488 
91.8706 7999.3 0.0102 0.0201257 0.082042 1.22204 1 0.05 0 25 -10 
0.226118 -4.60913 0 -3.48371 0.0718 0.329535 0.8 -0.1 -0.0360582 -2.10993 4.24182 -1.47145 2.53374 -0.554123 -2.5675 -3.05999 0.2064 0.0384 0.1488 
91.8938 7999.53 0.0102 0.0201399 0.0800139 1.22204 1 0.05 0 25 -10 
0.222132 -4.56418 0 -3.52841 0.0718 0.374098 0.8 -0.1 -0.0234133 -2.09136 4.24219 -1.48638 2.53475 -0.562233 -2.58559 -3.04948 0.2064 0.0384 0.1488 
91.929 7999.68 0.0102 0.020154 0.0780003 1.22204 1 0.05 0 25 -10 
0.218211 -4.51998 0 -3.57235 0.0718 0.417919 0.8 -0.1 -0.0109792 -2.07311 4.24256 -1.50107 2.53574 -0.570208 -2.60337 -3.03915 0.2064 0.0384 0.1488 
91.979 7999.79 0.0102 0.0201679 0.0760203 1.22204 1 0.05 0 25 -10 
0.21439 -4.47689 0 -3.61519 0.0718 0.460635 0.8 -0.1 0.00114178 -2.05532 4.24292 -1.51538 2.53671 -0.577983 -2.62071 -3.02908 0.2064 0.0384 0.1488 
92.0468 7999.86 0.0102 0.0201814 0.0740901 1.22204 1 0.05 0 25 -10 
0.210694 -4.43522 0 -3.65662 0.0718 0.501947 0.8 -0.1 0.012864 -2.03812 4.24327 -1.52922 2.53765 -0.585501 -2.63748 -3.01934 0.2064 0.0384 0.1488 
92.1348 7999.9 0.0102 0.0201944 0.0722233 1.22204 1 0.05 0 25 -10 
0.207146 -4.39521 0 -3.6964 0.0718 0.541609 0.8 -0.1 0.0241183 -2.0216 4.2436 -1.54251 2.53855 -0.59272 -2.65358 -3.00999 0.2064 0.0384 0.1488 
92.2453 7999.94 0.0102 0.020207 0.0704311 1.22204 1 0.05 0 25 -10 
0.203762 -4.35706 0 -3.73434 0.0718 0.579434 0.8 -0.1 0.0348513 -2.00584 4.24392 -1.55519 2.5394 -0.599604 -2.66894 -3.00107 0.2064 0.0384 0.1488 
92.3803 7999.96 0.0102 0.0202189 0.0687218 1.22204 1 0.05 0 25 -10 
0.200554 -4.3209 0 -3.77029 0.0718 0.615286 0.8 -0.1 0.0450241 -1.99091 4.24422 -1.5672 2.54022 -0.606129 -2.68349 -2.99262 0.2064 0.0384 0.1488 
92.5412 7999.97 0.0102 0.0202303 0.0671017 1.22204 1 0.05 0 25 -10 
0.197532 -4.28682 0 -3.80417 0.0718 0.649071 0.8 -0.1 0.0546109 -1.97684 4.2445 -1.57852 2.54098 -0.612278 -2.69721 -2.98465 0.2064 0.0384 0.1488 
92.7293 7999.98 0.0102 0.020241 0.065575 1.22204 1 0.05 0 25 -10 
0.194698 -4.25487 0 -3.83594 0.0718 0.680742 0.8 -0.1 0.0635976 -1.96365 4.24477 -1.58913 2.5417 -0.618042 -2.71006 -2.97719 0.2064 0.0384 0.1488 
92.9451 7999.99 0.0102 0.020251 0.0641437 1.22204 1 0.05 0 25 -10 
0.192055 -4.22507 0 -3.86556 0.0718 0.710284 0.8 -0.1 0.0719802 -1.95134 4.24502 -1.59903 2.54237 -0.623419 -2.72205 -2.97022 0.2064 0.0384 0.1488 
93.1889 7999.99 0.0102 0.0202603 0.0628087 1.22204 1 0.05 0 25 -10 
0.189601 -4.19741 0 -3.89307 0.0718 0.737714 0.8 -0.1 0.0797633 -1.93992 4.24525 -1.60822 2.54299 -0.628411 -2.73319 -2.96375 0.2064 0.0384 0.1488 
93.4606 7999.99 0.0102 0.020269 0.0615691 1.22204 1 0.05 0 25 -10 
0.187333 -4.17183 0 -3.9185 0.0718 0.763071 0.8 -0.1 0.0869587 -1.92936 4.24546 -1.61672 2.54357 -0.633026 -2.74348 -2.95777 0.2064 0.0384 0.1488 
93.7597 8000 0.0102 0.020277 0.0604232 1.22204 1 0.05 0 25 -10 
0.185244 -4.14828 0 -3.94192 0.0718 0.78642 0.8 -0.1 0.0935838 -1.91963 4.24566 -1.62454 2.5441 -0.637275 -2.75296 -2.95227 0.2064 0.0384 0.1488 
94.0853 8000 0.0102 0.0202844 0.059368 1.22204 1 0.05 0 25 -10 
0.183328 -4.12668 0 -3.9634 0.0718 0.807836 0.8 -0.1 0.0996607 -1.91071 4.24584 -1.63172 2.54458 -0.641173 -2.76165 -2.94722 0.2064 0.0384 0.1488 
94.4363 8000 0.0102 0.0202912 0.0584002 1.22204 1 0.05 0 25 -10 
0.181577 -4.10693 0 -3.98303 0.0718 0.82741 0.8 -0.1 0.105215 -1.90256 4.246 -1.63828 2.54503 -0.644735 -2.7696 -2.94261 0.2064 0.0384 0.1488 
94.8114 8000 0.0102 0.0202974 0.0575156 1.22204 1 0.05 0 25 -10 
0.179982 -4.08895 0 -4.00091 0.0718 0.84524 0.8 -0.1 0.110274 -1.89513 4.24615 -1.64425 2.54543 -0.64798 -2.77684 -2.9384 0.2064 0.0384 0.1488 
95.2089 8000 0.0102 0.020303 0.0567098 1.22204 1 0.05 0 25 -10 
0.178533 -4.07262 0 -4.01715 0.0718 0.861429 0.8 -0.1 0.114868 -1.88839 4.24629 -1.64968 2.5458 -0.650927 -2.78341 -2.93459 0.2064 0.0384 0.1488 
95.6269 8000 0.0102 0.0203082 0.0559781 1.22204 1 0.05 0 25 -10 
0.177222 -4.05784 0 -4.03185 0.0718 0.876085 0.8 -0.1 0.119027 -1.88229 4.24641 -1.65459 2.54613 -0.653594 -2.78936 -2.93113 0.2064 0.0384 0.1488 
96.0637 8000 0.0102 0.0203128 0.0553157 1.22204 1 0.05 0 25 -10 
0.176039 -4.04449 0 -4.04511 0.0718 0.889315 0.8 -0.1 0.122781 -1.87678 4.24652 -1.65902 2.54643 -0.656002 -2.79473 -2.92801 0.2064 0.0384 0.1488 
96.5171 8000 0.0102 0.020317 0.0547178 1.22204 1 0.05 0 25 -10 
0.174973 -4.03248 0 -4.05706 0.0718 0.901225 0.8 -0.1 0.12616 -1.87182 4.24662 -1.66301 2.5467 -0.65817 -2.79956 -2.9252 0.2064 0.0384 0.1488 
96.9849 8000 0.0102 0.0203207 0.0541795 1.22204 1 0.05 0 25 -10 
0.174016 -4.02169 0 -4.06778 0.0718 0.91192 0.8 -0.1 0.129195 -1.86736 4.24671 -1.6666 2.54695 -0.660116 -2.8039 -2.92268 0.2064 0.0384 0.1488 
97.4652 8000 0.0102 0.0203241 0.0536962 1.22204 1 0.05 0 25 -10 
0.173159 -4.01203 0 -4.07739 0.0718 0.9215 0.8 -0.1 0.131913 -1.86337 4.24679 -1.66981 2.54716 -0.66186 -2.80779 -2.92042 0.2064 0.0384 0.1488 
97.9556 8000 0.0102 0.0203272 0.0532632 1.22204 1 0.05 0 25 -10 
0.172393 -4.00339 0 -4.08598 0.0718 0.930061 0.8 -0.1 0.134342 -1.85981 4.24687 -1.67268 2.54736 -0.663418 -2.81127 -2.9184 0.2064 0.0384 0.1488 
98.4539 8000 0.0102 0.0203299 0.0528763 1.22204 1 0.05 0 25 -10 
0.17171 -3.99569 0 -4.09363 0.0718 0.937694 0.8 -0.1 0.136508 -1.85663 4.24693 -1.67523 2.54753 -0.664807 -2.81437 -2.9166 0.2064 0.0384 0.1488 
98.9582 8000 0.0102 0.0203323 0.0525313 1.22204 1 0.05 0 25 -10 
0.171103 -3.98884 0 -4.10044 0.0718 0.944486 0.8 -0.1 0.138436 -1.8538 4.24699 -1.67751 2.54768 -0.666043 -2.81712 -2.915 0.2064 0.0384 0.1488 
99.4663 8000 0.0102 0.0203344 0.0522243 1.22204 1 0.05 0 25 -10 
0.170563 -3.98276 0 -4.10649 0.0718 0.950518 0.8 -0.1 0.140147 -1.85129 4.24704 -1.67953 2.54782 -0.667141 -2.81957 -2.91358 0.2064 0.0384 0.1488 
99.9762 8000 0.0102 0.0203363 0.0519517 1.22204 1 0.05 0 25 -10 
0.170085 -3.97737 0 -4.11185 0.0718 0.955863 0.8 -0.1 0.141664 -1.84906 4.24708 -1.68132 2.54794 -0.668114 -2.82174 -2.91232 0.2064 0.0384 0.1488 
100.486 8000 0.0102 0.020338 0.0517101 1.22204 1 0.05 0 25 -10 
0.169662 -3.9726 0 -4.1166 0.0718 0.960592 0.8 -0.1 0.143005 -1.84709 4.24712 -1.68291 2.54805 -0.668974 -2.82366 -2.91121 0.2064 0.0384 0.1488 
100.994 8000 0.0102 0.0203395 0.0514964 1.22204 1 0.05 0 25 -10 
0.169288 -3.96838 0 -4.12078 0.0718 0.964768 0.8 -0.1 0.14419 -1.84535 4.24716 -1.68431 2.54814 -0.669734 -2.82536 -2.91022 0.2064 0.0384 0.1488 
101.498 8000 0.0102 0.0203408 0.0513077 1.22204 1 0.05 0 25 -10 
0.168959 -3.96467 0 -4.12448 0.0718 0.968449 0.8 -0.1 0.145235 -1.84382 4.24719 -1.68554 2.54823 -0.670404 -2.82685 -2.90935 0.2064 0.0384 0.1488 
101.997 8000 0.0102 0.020342 0.0511413 1.22204 1 0.05 0 25 -10 
0.168669 -3.9614 0 -4.12772 0.0718 0.971688 0.8 -0.1 0.146154 -1.84247 4.24722 -1.68662 2.5483 -0.670994 -2.82816 -2.90859 0.2064 0.0384 0.1488 
102.489 8000 0.0102 0.020343 0.0509949 1.22204 1 0.05 0 25 -10 
0.168415 -3.95853 0 -4.13058 0.0718 0.974535 0.8 -0.1 0.146962 -1.84128 4.24724 -1.68758 2.54837 -0.671512 -2.82932 -2.90792 0.2064 0.0384 0.1488 
102.974 8000 0.0102 0.0203439 0.0508662 1.22204 1 0.05 0 25 -10 
0.168191 -3.95601 0 -4.13308 0.0718 0.977033 0.8 -0.1 0.147671 -1.84024 4.24726 -1.68842 2.54842 -0.671967 -2.83033 -2.90733 0.2064 0.0384 0.1488 
103.449 8000 0.0102 0.0203447 0.0507533 1.22204 1 0.05 0 25 -10 
0.167995 -3.9538 0 -4.13528 0.0718 0.979221 0.8 -0.1 0.148292 -1.83933 4.24728 -1.68915 2.54847 -0.672365 -2.83122 -2.90681 0.2064 0.0384 0.1488 
103.913 8000 0.0102 0.0203454 0.0506544 1.22204 1 0.05 0 25 -10 
0.167824 -3.95187 0 -4.1372 0.0718 0.981136 0.8 -0.1 0.148835 -1.83853 4.24729 -1.68979 2.54852 -0.672713 -2.832 -2.90636 0.2064 0.0384 0.1488 
104.367 8000 0.0102 0.020346 0.0505679 1.22204 1 0.05 0 25 -10 
0.167675 -3.95019 0 -4.13888 0.0718 0.982809 0.8 -0.1 0.149313 -1.83784 4.24731 -1.69035 2.54855 -0.673016 -2.83268 -2.90597 0.2064 0.0384 0.1488 
104.808 8000 0.0102 0.0203466 0.0504923 1.22204 1 0.05 0 25 -10 
0.167548 -3.94876 0 -4.14029 0.0718 0.984268 0.8 -0.1 0.149818 -1.83727 4.24735 -1.69073 2.54859 -0.673241 -2.83321 -2.9056 0.2064 0.0384 0.148791 
105.237 8000 0.0102 0.020347 0.0504263 1.22204 1 0.05 0 25 -10 
0.167454 -3.94771 0 -4.14126 0.0718 0.98554 0.8 -0.1 0.150702 -1.83696 4.24753 -1.69055 2.54861 -0.673239 -2.83338 -2.90515 0.2064 0.0384 0.14874 
105.653 8000 0.0102 0.0203474 0.0503688 1.22204 1 0.05 0 25 -10 
0.16742 -3.94735 0 -4.14144 0.0718 0.986648 0.8 -0.1 0.152646 -1.83718 4.24808 -1.68903 2.54863 -0.672712 -2.83276 -2.90444 0.2064 0.0384 0.148582 
106.054 8000 0.0102 0.0203478 0.0503188 1.22204 1 0.05 0 25 -10 
0.167478 -3.94806 0 -4.14031 0.0718 0.98761 0.8 -0.1 0.156582 -1.83831 4.2493 -1.68511 2.54862 -0.67125 -2.83075 -2.90319 0.2064 0.0384 0.148228 
106.441 8000 0.0102 0.0203481 0.0502753 1.22204 1 0.05 0 25 -10 
0.167668 -3.95031 0 -4.13729 0.0718 0.988446 0.8 -0.1 0.163548 -1.84078 4.25152 -1.67759 2.5486 -0.668395 -2.82668 -2.90113 0.2064 0.0384 0.147576 
106.814 8000 0.0102 0.0203483 0.0502375 1.22204 1 0.05 0 25 -10 
0.168029 -3.95454 0 -4.13184 0.0718 0.989171 0.8 -0.1 0.174541 -1.84499 4.25508 -1.66532 2.54855 -0.663706 -2.81989 -2.89796 0.2064 0.0384 0.146532 
107.173 8000 0.0102 0.0203486 0.0502047 1.22204 1 0.05 0 25 -10 
0.168591 -3.96112 0 -4.12348 0.0718 0.9898 0.8 -0.1 0.190407 -1.85129 4.26026 -1.64735 2.54846 -0.656809 -2.80986 -2.89345 0.2064 0.0384 0.145013 
107.516 8000 0.0102 0.0203488 0.0501763 1.22204 1 0.05 0 25 -10 
0.169378 -3.97032 0 -4.11188 0.0718 0.990344 0.8 -0.1 0.211762 -1.85993 4.26725 -1.62295 2.54834 -0.647432 -2.79617 -2.88743 0.2064 0.0384 0.14296 
107.845 8000 0.0102 0.0203489 0.0501517 1.22204 1 0.05 0 25 -10 
0.170404 -3.98228 0 -4.09684 0.0718 0.990814 0.8 -0.1 0.23896 -1.87106 4.27618 -1.59174 2.54817 -0.635422 -2.77861 -2.8798 0.2064 0.0384 0.14034 
108.159 8000 0.0102 0.0203491 0.0501304 1.22204 1 0.05 0 25 -10 
0.171669 -3.99705 0 -4.07834 0.0718 0.99122 0.8 -0.1 0.272083 -1.8847 4.28706 -1.55361 2.54797 -0.620743 -2.75712 -2.87053 0.2064 0.0384 0.137144 
108.457 8000 0.0102 0.0203492 0.0501121 1.22204 1 0.05 0 25 -10 
0.173167 -4.01453 0 -4.05646 0.0718 0.991571 0.8 -0.1 0.310967 -1.90078 4.29985 -1.50876 2.54773 -0.603473 -2.73182 -2.85967 0.2064 0.0384 0.133389 
108.739 8000 0.0102 0.0203493 0.0500962 1.22204 1 0.05 0 25 -10 
0.174881 -4.03453 0 -4.03145 0.0718 0.991874 0.8 -0.1 0.355232 -1.91914 4.31441 -1.45765 2.54745 -0.583783 -2.70296 -2.84732 0.2064 0.0384 0.129112 
109.002 8000 0.0102 0.0203494 0.0500825 1.22204 1 0.05 0 25 -10 
0.176791 -4.05681 0 -4.00363 0.0718 0.992134 0.8 -0.1 0.404326 -1.93954 4.33057 -1.40091 2.54714 -0.561921 -2.67091 -2.83364 0.2064 0.0384 0.124366 
109.244 8000 0.0102 0.0203495 0.0500708 1.22204 1 0.05 0 25 -10 
0.178868 -4.08103 0 -3.97338 0.0718 0.992359 0.8 -0.1 0.457572 -1.96169 4.34811 -1.33933 2.5468 -0.538193 -2.63611 -2.8188 0.2064 0.0384 0.119217 
109.461 8000 0.0102 0.0203496 0.0500606 1.22204 1 0.05 0 25 -10 
0.181082 -4.10685 0 -3.94115 0.0718 0.992552 0.8 -0.1 0.514214 -1.98529 4.36676 -1.27379 2.54644 -0.512937 -2.59907 -2.80303 0.2064 0.0384 0.113738 
109.649 8000 0.0102 0.0203496 0.0500519 1.22204 1 0.05 0 25 -10 
0.183401 -4.1339 0 -3.9074 0.0718 0.992718 0.8 -0.1 0.573455 -2.00998 4.38627 -1.20523 2.54606 -0.486511 -2.56031 -2.78654 0.2064 0.0384 0.108007 
109.804 8000 0.0102 0.0203497 0.0500444 1.22204 1 0.05 0 25 -10 
0.185793 -4.1618 0 -3.8726 0.0718 0.99286 0.8 -0.1 0.634493 -2.03545 4.40638 -1.13456 2.54567 -0.459275 -2.52035 -2.76956 0.2064 0.0384 0.102102 
109.923 8000 0.0102 0.0203497 0.050038 1.22204 1 0.05 0 25 -10 
0.188228 -4.1902 0 -3.83718 0.0718 0.992983 0.8 -0.1 0.696553 -2.06134 4.42683 -1.0627 2.54528 -0.431575 -2.47971 -2.75229 0.2064 0.0384 0.0960963 
110.002 8000 0.0102 0.0203498 0.0500324 1.22204 1 0.05 0 25 -10 
0.190676 -4.21874 0 -3.80157 0.0718 0.993087 0.8 -0.1 0.758907 -2.08737 4.44737 -0.990481 2.54488 -0.403739 -2.43887 -2.73495 0.2064 0.0384 0.0900622 
110.037 8000 0.0102 0.0203498 0.0500277 1.22204 1 0.05 0 25 -10 
0.193111 -4.24714 0 -3.76617 0.0718 0.993177 0.8 -0.1 0.820888 -2.11326 4.46779 -0.918687 2.54448 -0.376065 -2.39827 -2.71771 0.2064 0.0384 0.0840638 
110.025 8000 0.0102 0.0203498 0.0500236 1.22204 1 0.05 0 25 -10 
0.195509 -4.2751 0 -3.73129 0.0718 0.993254 0.8 -0.1 0.881906 -2.13875 4.4879 -0.848001 2.54409 -0.348818 -2.35828 -2.70074 0.2064 0.0384 0.0781583 
109.964 8000 0.0102 0.0203499 0.0500202 1.22204 1 0.05 0 25 -10 
0.19785 -4.3024 0 -3.69725 0.0718 0.99332 0.8 -0.1 0.94145 -2.16362 4.50752 -0.779017 2.54371 -0.322226 -2.31926 -2.68419 0.2064 0.0384 0.0723951 
109.854 8000 0.0102 0.0203499 0.0500172 1.22204 1 0.05 0 25 -10 
0.200118 -4.32884 0 -3.66429 0.0718 0.993376 0.799999 -0.1 0.999091 -2.18771 4.52652 -0.712233 2.54334 -0.296481 -2.28148 -2.66816 0.2064 0.0384 0.066816 
109.691 8000 0.0102 0.0203499 0.0500146 1.22204 1 0.05 0 25 -10 
0.202314 -4.35429 0 -3.63261 0.0718003 0.99342 0.799982 -0.1 1.05448 -2.21081 4.54477 -0.648066 2.54301 -0.271726 -2.24513 -2.65273 0.206402 0.0383999 0.0614545 
109.478 8000 0.0102 0.0203499 0.0500125 1.22204 1 0.05 0 25 -10 
0.204493 -4.37877 0 -3.60233 0.071802 0.993439 0.799884 -0.1 1.10736 -2.23268 4.56221 -0.586889 2.54284 -0.248033 -2.21022 -2.63789 0.206411 0.0383996 0.056337 
109.213 8000 0.0102 0.0203499 0.0500106 1.22204 1 0.05 0 25 -10 
0.206778 -4.40249 0 -3.57355 0.0718072 0.993404 0.799572 -0.1 1.15753 -2.2529 4.57879 -0.529047 2.54303 -0.22539 -2.17653 -2.62348 0.20644 0.0383987 0.051483 
108.899 8000 0.0102 0.0203499 0.0500091 1.22204 1 0.05 0 25 -10 
0.209352 -4.42579 0 -3.54633 0.0718131 0.993272 0.798852 -0.1 1.20484 -2.27099 4.59449 -0.474898 2.54391 -0.203742 -2.14372 -2.6093 0.20651 0.0384048 0.0469094 
108.536 8000 0.0102 0.0203499 0.0500105 1.22204 1 0.05 0 25 -10 
0.212446 -4.44913 0 -3.5209 0.0717986 0.992982 0.797457 -0.1 1.2491 -2.28643 4.60933 -0.424903 2.54587 -0.183072 -2.11135 -2.59507 0.206652 0.0384514 0.0426406 
108.128 8000 0.0102 0.0203498 0.0500254 1.22204 1 0.05 0 25 -10 
0.216317 -4.47296 0 -3.4977 0.0717181 0.992462 0.795067 -0.1 1.29003 -2.29873 4.62333 -0.379653 2.54935 -0.163458 -2.07906 -2.58056 0.206911 0.0386062 0.0387134 
107.677 8000 0.0102 0.0203495 0.0500749 1.22204 1 0.05 0 25 -10 
0.221217 -4.49775 0 -3.47733 0.0715058 0.991631 0.791344 -0.1 1.32727 -2.30748 4.63654 -0.339821 2.55476 -0.145066 -2.04658 -2.56558 0.207339 0.0389639 0.0351734 
107.186 8000 0.0102 0.0203487 0.0501889 1.22204 1 0.05 0 25 -10 
0.227366 -4.52385 0 -3.46049 0.0710867 0.990417 0.785972 -0.1 1.36046 -2.31239 4.649 -0.306066 2.56247 -0.128117 -2.01377 -2.55001 0.207988 0.0396317 0.032069 
106.658 8000 0.0102 0.0203472 0.0504005 1.22204 1 0.05 0 25 -10 
0.234932 -4.55152 0 -3.44784 0.0703872 0.988757 0.778691 -0.1 1.38929 -2.31331 4.66076 -0.278952 2.57277 -0.112852 -1.98056 -2.53379 0.208905 0.0407134 0.0294442 
106.098 8000 0.0102 0.0203448 0.0507424 1.22204 1 0.05 0 25 -10 
0.244014 -4.58091 0 -3.43994 0.0693435 0.986609 0.769325 -0.1 1.41349 -2.31023 4.67186 -0.258883 2.58582 -0.0994953 -1.94703 -2.51693 0.210126 0.0422982 0.0273331 
105.508 8000 0.0102 0.0203413 0.0512421 1.22204 1 0.05 0 25 -10 
0.254645 -4.61204 0 -3.4372 0.067908 0.983952 0.757787 -0.1 1.43293 -2.30325 4.68234 -0.246067 2.60167 -0.0882246 -1.91328 -2.49948 0.211671 0.0444518 0.0257564 
104.894 8000 0.0102 0.0203366 0.0519201 1.22204 1 0.05 0 25 -10 
0.266789 -4.64483 0 -3.43982 0.0660518 0.980785 0.744082 -0.1 1.44759 -2.29262 4.69225 -0.240501 2.62025 -0.0791595 -1.87949 -2.48155 0.213549 0.0472127 0.0247203 
104.258 8000 0.0102 0.0203305 0.0527877 1.22204 1 0.05 0 25 -10 
0.280352 -4.67911 0 -3.44784 0.0637659 0.97713 0.728301 -0.1 1.45756 -2.27863 4.70161 -0.241985 2.64139 -0.072353 -1.84587 -2.46325 0.215754 0.0505915 0.0242157 
103.604 8000 0.0102 0.0203231 0.0538421 1.22204 1 0.05 0 25 -10 
0.295194 -4.71463 0 -3.46109 0.0610594 0.973023 0.710606 -0.1 1.46304 -2.26168 4.71044 -0.250142 2.66485 -0.0677919 -1.81265 -2.44474 0.218267 0.0545728 0.0242205 
102.937 8000 0.0102 0.0203146 0.0550627 1.22204 1 0.05 0 25 -10 
0.311135 -4.7511 0 -3.47927 0.0579575 0.968515 0.691216 -0.1 1.46433 -2.24219 4.71877 -0.264448 2.69032 -0.0654028 -1.78003 -2.42617 0.221058 0.0591183 0.0247011 
102.26 8000 0.0102 0.0203051 0.0564116 1.22204 1 0.05 0 25 -10 
0.327975 -4.7882 0 -3.50194 0.0544983 0.963666 0.67039 -0.1 1.46179 -2.2206 4.72662 -0.28427 2.71745 -0.065061 -1.74822 -2.40769 0.224093 0.0641719 0.0256146 
101.577 8000 0.0102 0.0202951 0.0578391 1.22204 1 0.05 0 25 -10 
0.345497 -4.8256 0 -3.52856 0.0507294 0.958543 0.648413 -0.1 1.45581 -2.19737 4.734 -0.308901 2.74587 -0.0666013 -1.71741 -2.38946 0.227328 0.0696639 0.0269123 
100.89 8000 0.0102 0.020285 0.0592899 1.22204 1 0.05 0 25 -10 
0.363486 -4.86296 0 -3.55856 0.046705 0.953214 0.625581 -0.1 1.44686 -2.17293 4.74092 -0.337594 2.7752 -0.0698294 -1.68776 -2.37159 0.23072 0.075516 0.0285411 
100.203 8000 0.0102 0.020275 0.0607088 1.22204 1 0.05 0 25 -10 
0.381726 -4.89998 0 -3.59132 0.0424823 0.94775 0.602186 -0.1 1.43538 -2.14769 4.74741 -0.369592 2.80507 -0.0745325 -1.65941 -2.35423 0.234224 0.0816455 0.0304467 
99.5187 8000 0.0102 0.0202657 0.0620456 1.22204 1 0.05 0 25 -10 
0.400019 -4.93636 0 -3.6262 0.0381193 0.942216 0.578513 -0.1 1.42182 -2.12203 4.75347 -0.404153 2.83513 -0.0804889 -1.63244 -2.33746 0.237795 0.087969 0.0325749 
98.8395 8000 0.0102 0.0202572 0.0632578 1.22204 1 0.05 0 25 -10 
0.418178 -4.97185 0 -3.66262 0.0336723 0.936674 0.554824 -0.1 1.40662 -2.09631 4.75913 -0.440568 2.86506 -0.0874767 -1.60694 -2.32137 0.24139 0.0944054 0.0348736 
98.1678 8000 0.0102 0.0202498 0.0643122 1.22204 1 0.05 0 25 -10 
0.436039 -5.00621 0 -3.69998 0.0291948 0.93118 0.531359 -0.1 1.39018 -2.07081 4.76438 -0.478181 2.89457 -0.0952805 -1.58296 -2.30603 0.244973 0.100879 0.0372937 
97.5057 8000 0.0102 0.0202437 0.0651859 1.22204 1 0.05 0 25 -10 
0.453458 -5.03928 0 -3.73777 0.0247356 0.925786 0.508328 -0.1 1.37288 -2.0458 4.76925 -0.516396 2.92341 -0.103696 -1.56051 -2.29148 0.248507 0.107319 0.0397901 
96.8552 8000 0.0102 0.0202389 0.0658656 1.22204 1 0.05 0 25 -10 
0.470316 -5.07089 0 -3.77551 0.0203382 0.920533 0.485913 -0.1 1.35507 -2.0215 4.77376 -0.554682 2.95138 -0.112536 -1.5396 -2.27777 0.251963 0.113664 0.0423224 
96.2179 8000 0.0102 0.0202356 0.0663468 1.22204 1 0.05 0 25 -10 
0.486514 -5.10093 0 -3.8128 0.0160405 0.915457 0.464265 -0.1 1.33703 -1.99808 4.77792 -0.59258 2.9783 -0.121631 -1.52021 -2.26491 0.255315 0.11986 0.0448551 
95.5951 8000 0.0102 0.0202336 0.0666325 1.22204 1 0.05 0 25 -10 
0.501976 -5.12932 0 -3.84926 0.0118744 0.910587 0.443505 -0.1 1.31903 -1.97567 4.78174 -0.6297 3.00403 -0.130828 -1.5023 -2.2529 0.258542 0.125862 0.0473576 
94.9881 8000 0.0102 0.0202329 0.066732 1.22204 1 0.05 0 25 -10 
0.516644 -5.15602 0 -3.88462 0.00786607 0.905945 0.423727 -0.1 1.3013 -1.95437 4.78525 -0.665722 3.02846 -0.14 -1.48583 -2.24174 0.261627 0.131633 0.0498043 
94.398 8000 0.0102 0.0202334 0.066659 1.22204 1 0.05 0 25 -10 
0.53048 -5.181 0 -3.91862 0.00403606 0.901549 0.404998 -0.1 1.284 -1.93427 4.78846 -0.700384 3.05154 -0.149033 -1.47073 -2.23141 0.264559 0.137144 0.0521742 
93.8254 8000 0.0102 0.020235 0.0664308 1.22204 1 0.05 0 25 -10 
0.543456 -5.20426 0 -3.95104 0.000405067 0.89741 0.387374 -0.1 1.26733 -1.91539 4.79139 -0.733447 3.0732 -0.157813 -1.45693 -2.22188 0.267325 0.142366 0.0544468 
93.2712 8000 0.0102 0.0202375 0.0660664 1.22204 1 0.05 0 25 -10 
0.555536 -5.22582 0 -3.98151 -0.00299318 0.89355 0.370938 -0.1 1.25151 -1.89777 4.79405 -0.76458 3.09339 -0.166163 -1.44429 -2.21311 0.269908 0.147252 0.0565934 
92.7358 8000 0.0102 0.0202409 0.0655862 1.22204 1 0.05 0 25 -10 
0.566667 -5.24566 0 -4.00947 -0.00610474 0.889997 0.355811 -0.1 1.2369 -1.8814 4.79646 -0.793305 3.11199 -0.173813 -1.43261 -2.205 0.272281 0.151728 0.058572 
92.2196 8000 0.0102 0.0202449 0.0650104 1.22204 1 0.05 0 25 -10 
0.576782 -5.2638 0 -4.03421 -0.00885963 0.886792 0.342152 -0.1 1.22393 -1.86629 4.79862 -0.819029 3.1289 -0.18042 -1.42163 -2.19745 0.274408 0.155695 0.0603299 
91.7227 8000 0.0102 0.0202495 0.0643588 1.22204 1 0.05 0 25 -10 
0.585811 -5.28023 0 -4.05495 -0.0111817 0.883975 0.330126 -0.1 1.21306 -1.85241 4.80055 -0.841121 3.14399 -0.185614 -1.41109 -2.19035 0.276252 0.15905 0.0618107 
91.2452 8000 0.0102 0.0202544 0.0636501 1.22204 1 0.05 0 25 -10 
0.593694 -5.29497 0 -4.07097 -0.0129993 0.881584 0.319888 -0.1 1.20472 -1.83974 4.80225 -0.85899 3.15714 -0.189042 -1.4007 -2.18358 0.277777 0.161691 0.0629614 
90.7872 8000 0.0102 0.0202597 0.0629013 1.22204 1 0.05 0 25 -10 
0.600386 -5.30805 0 -4.08166 -0.0142531 0.879649 0.311556 -0.1 1.19927 -1.82824 4.80373 -0.872155 3.16828 -0.190407 -1.39021 -2.17703 0.278954 0.163538 0.0637384 
90.3486 8000 0.0102 0.0202651 0.062128 1.22204 1 0.05 0 25 -10 
0.605869 -5.31951 0 -4.08661 -0.0149023 0.878187 0.305202 -0.1 1.19696 -1.81787 4.805 -0.880286 3.17737 -0.189495 -1.37944 -2.17063 0.279765 0.164534 0.064111 
89.9292 8000 0.0102 0.0202706 0.0613439 1.22204 1 0.05 0 25 -10 
0.610149 -5.32941 0 -4.0856 -0.0149269 0.877203 0.300845 -0.1 1.19794 -1.80855 4.80607 -0.883224 3.18442 -0.186186 -1.36823 -2.16428 0.280203 0.164652 0.064063 
89.5287 8000 0.0102 0.0202761 0.0605607 1.22204 1 0.05 0 25 -10 
0.613258 -5.33784 0 -4.07862 -0.014328 0.876691 0.298451 -0.1 1.20221 -1.80024 4.80696 -0.880982 3.18947 -0.180454 -1.3565 -2.15796 0.280271 0.163894 0.0635936 
89.1468 8000 0.0102 0.0202815 0.0597883 1.22204 1 0.05 0 25 -10 
0.615253 -5.34488 0 -4.06587 -0.0131263 0.876631 0.297938 -0.1 1.20968 -1.79287 4.80767 -0.873729 3.19263 -0.17236 -1.34421 -2.15162 0.279983 0.162289 0.0627155 
88.7831 8000 0.0102 0.0202868 0.059035 1.22204 1 0.05 0 25 -10 
0.616208 -5.35064 0 -4.04769 -0.0113593 0.876992 0.299184 -0.1 1.22016 -1.78637 4.80822 -0.861775 3.19402 -0.162045 -1.33139 -2.14526 0.279361 0.159891 0.0614532 
88.4372 8000 0.0102 0.0202918 0.0583073 1.22204 1 0.05 0 25 -10 
0.616216 -5.35523 0 -4.02457 -0.00907778 0.877739 0.302033 -0.1 1.23339 -1.78067 4.80863 -0.845532 3.1938 -0.149707 -1.31807 -2.13888 0.278437 0.15677 0.0598409 
88.1086 8000 0.0102 0.0202967 0.0576103 1.22204 1 0.05 0 25 -10 
0.615377 -5.35877 0 -3.99709 -0.00634249 0.878827 0.306305 -0.1 1.24904 -1.77569 4.80892 -0.825497 3.19213 -0.135591 -1.30435 -2.13251 0.277243 0.153012 0.0579196 
87.7969 8000 0.0102 0.0203014 0.0569478 1.22204 1 0.05 0 25 -10 
0.613799 -5.36137 0 -3.9659 -0.00322024 0.880211 0.31181 -0.1 1.26675 -1.77138 4.80909 -0.802211 3.18921 -0.119972 -1.29032 -2.12615 0.275819 0.148709 0.0557348 
87.5015 8000 0.0102 0.0203057 0.0563222 1.22204 1 0.05 0 25 -10 
0.611592 -5.36315 0 -3.93167 0.00021912 0.881842 0.318348 -0.1 1.28615 -1.76767 4.80916 -0.776244 3.18521 -0.103139 -1.27611 -2.11986 0.274203 0.143961 0.0533341 
87.222 8000 0.0102 0.0203099 0.0557352 1.22204 1 0.05 0 25 -10 
0.608864 -5.36421 0 -3.89509 0.00390556 0.883673 0.325724 -0.1 1.30686 -1.76449 4.80915 -0.748165 3.18033 -0.0853841 -1.26183 -2.11365 0.272434 0.138864 0.0507655 
86.9577 8000 0.0102 0.0203137 0.0551875 1.22204 1 0.05 0 25 -10 
0.605705 -5.36464 0 -3.85681 0.0077709 0.885661 0.333759 -0.1 1.32851 -1.76181 4.80908 -0.718514 3.17473 -0.0670015 -1.24764 -2.10758 0.27055 0.133514 0.0480754 
86.7081 8000 0.0102 0.0203172 0.0546791 1.22204 1 0.05 0 25 -10 
0.602153 -5.3644 0 -3.81748 0.0117501 0.887777 0.342334 -0.1 1.35075 -1.75973 4.80893 -0.687761 3.16846 -0.0483058 -1.23381 -2.10178 0.268581 0.128 0.0453077 
86.4726 8000 0.0102 0.0203205 0.0542094 1.22204 1 0.05 0 25 -10 
0.598176 -5.36329 0 -3.77769 0.0157822 0.890007 0.351409 -0.1 1.37325 -1.75848 4.80871 -0.656279 3.16148 -0.0296397 -1.22077 -2.09645 0.266547 0.122406 0.0425029 
86.2507 8000 0.0102002 0.0203237 0.0537774 1.22204 0.999998 0.05 0 25 -10 
0.593677 -5.36101 0 -3.73803 0.0198113 0.892356 0.361012 -0.1 1.3957 -1.75843 4.80839 -0.624346 3.15364 -0.011362 -1.20907 -2.09189 0.264462 0.116805 0.0396972 
86.0418 8000 0.0102044 0.0203303 0.053384 1.22204 0.99995 0.0500002 0 25 -10 
0.588525 -5.35717 0 -3.699 0.0237877 0.894838 0.371216 -0.1 1.41785 -1.76004 4.80795 -0.592166 3.14471 0.0061766 -1.19931 -2.08842 0.262332 0.111263 0.0369224 
85.8454 8000 0.0102301 0.0203556 0.053037 1.22204 0.999664 0.0500013 0 25 -10 
0.582584 -5.35138 0 -3.66105 0.0276684 0.897471 0.382107 -0.1 1.43947 -1.76373 4.80737 -0.559891 3.13448 0.0226563 -1.19208 -2.08634 0.260161 0.105837 0.0342055 
85.6608 8000 0.0103133 0.0204316 0.0527549 1.22204 0.998736 0.0500051 0 25 -10 
0.575733 -5.34331 0 -3.62454 0.0314176 0.90027 0.393764 -0.1 1.46035 -1.76987 4.80662 -0.527642 3.12275 0.0378068 -1.18788 -2.08594 0.257951 0.100572 0.0315692 
85.4877 8000 0.0105057 0.0206043 0.0525646 1.22204 0.996588 0.0500136 0 25 -10 
0.567886 -5.33272 0 -3.58977 0.0350065 0.903246 0.406239 -0.1 1.48035 -1.77875 4.80569 -0.495526 3.10937 0.0514187 -1.18708 -2.08741 0.255706 0.0955072 0.0290317 
85.3253 8000 0.0108668 0.0209264 0.052497 1.22204 0.992557 0.0500298 0 25 -10 
0.559003 -5.31947 0 -3.55698 0.0384132 0.906402 0.419548 -0.1 1.49935 -1.79052 4.80458 -0.463649 3.09428 0.0633479 -1.18991 -2.09086 0.25343 0.0906706 0.0266071 
85.1732 8000 0.0114552 0.0214498 0.0525829 1.22204 0.985991 0.050056 0 25 -10 
0.549085 -5.30354 0 -3.5263 0.0416221 0.909732 0.433667 -0.1 1.51726 -1.80522 4.80328 -0.432114 3.07749 0.0735154 -1.19646 -2.09635 0.251129 0.0860839 0.0243058 
85.031 8000 0.0123214 0.0222195 0.0528485 1.22204 0.976323 0.0500947 0 25 -10 
0.538179 -5.28502 0 -3.49783 0.0446234 0.913222 0.448539 -0.1 1.53404 -1.82277 4.80179 -0.401034 3.05907 0.081902 -1.20665 -2.10382 0.248813 0.0817616 0.0221349 
84.898 8000 0.0135037 0.0232691 0.0533131 1.22204 0.963129 0.0501475 0 25 -10 
0.526369 -5.26409 0 -3.47161 0.0474122 0.916851 0.46407 -0.1 1.54965 -1.84298 4.80014 -0.37052 3.03916 0.0885407 -1.22032 -2.11318 0.246491 0.0777119 0.0200983 
84.7739 8000 0.0150248 0.0246192 0.0539875 1.22204 0.946151 0.0502154 0 25 -10 
0.513771 -5.24099 0 -3.44763 0.0499881 0.920592 0.480143 -0.1 1.56409 -1.86559 4.79834 -0.340687 3.01795 0.093508 -1.23716 -2.12425 0.244176 0.0739378 0.0181978 
84.6581 8000 0.0168923 0.0262762 0.054874 1.22204 0.925309 0.0502988 0 25 -10 
0.500519 -5.21604 0 -3.42584 0.052354 0.924416 0.496623 -0.1 1.57738 -1.89027 4.79641 -0.311645 2.99568 0.096914 -1.25683 -2.13683 0.241879 0.0704379 0.0164327 
84.5503 8000 0.0190986 0.0282335 0.0559667 1.22204 0.900686 0.0503973 0 25 -10 
0.486764 -5.18959 0 -3.40615 0.0545158 0.928289 0.513364 -0.1 1.58955 -1.91667 4.79439 -0.2835 2.97258 0.0988929 -1.27891 -2.15069 0.239615 0.0672072 0.0148008 
84.4499 8000 0.0216234 0.0304732 0.0572527 1.22204 0.872507 0.05051 0 25 -10 
0.472661 -5.16198 0 -3.38846 0.0564816 0.932178 0.530218 -0.1 1.60064 -1.94438 4.79229 -0.256349 2.94892 0.099595 -1.30298 -2.16559 0.237394 0.0642376 0.0132982 
84.3566 8000 0.0244361 0.032968 0.0587133 1.22204 0.841115 0.0506355 0 25 -10 
0.458365 -5.1336 0 -3.37266 0.0582612 0.936052 0.547038 -0.1 1.61071 -1.97304 4.79014 -0.230276 2.92496 0.0991785 -1.32859 -2.18127 0.235229 0.0615188 0.0119201 
84.27 8000 0.0274982 0.0356839 0.0603257 1.22204 0.80694 0.0507722 0 25 -10 
0.444025 -5.10478 0 -3.35862 0.0598654 0.939878 0.563685 -0.1 1.6198 -2.00226 4.78796 -0.205352 2.90093 0.0978036 -1.35531 -2.19749 0.233131 0.0590391 0.0106608 
84.1897 8000 0.0307661 0.0385823 0.0620643 1.22204 0.770467 0.0509181 0 25 -10 
0.429779 -5.07586 0 -3.34619 0.0613058 0.943629 0.580032 -0.1 1.62799 -2.0317 4.78579 -0.181633 2.87708 0.0956273 -1.38271 -2.21403 0.231108 0.0567852 0.00951401 
84.1153 8000 0.0341938 0.0416221 0.063902 1.22204 0.732212 0.0510712 0 25 -10 
0.415753 -5.04713 0 -3.33526 0.0625945 0.94728 0.595966 -0.1 1.63534 -2.06102 4.78364 -0.159161 2.85361 0.0927989 -1.41043 -2.23066 0.22917 0.0547433 0.00847308 
84.0465 8000 0.0377343 0.044762 0.0658118 1.22204 0.692698 0.0512292 0 25 -10 
0.402057 -5.01888 0 -3.32567 0.0637434 0.95081 0.61139 -0.1 1.64191 -2.08993 4.78153 -0.137962 2.8307 0.0894579 -1.43812 -2.24721 0.227321 0.0528992 0.00753109 
83.983 8000 0.0413421 0.0479615 0.0677671 1.22204 0.652432 0.0513903 0 25 -10 
0.388786 -4.99133 0 -3.3173 0.0647643 0.9542 0.626221 -0.1 1.64777 -2.1182 4.77947 -0.118047 2.8085 0.0857315 -1.46548 -2.26349 0.225566 0.0512386 0.00668112 
83.9244 8000 0.0449741 0.0511825 0.0697431 1.22204 0.611896 0.0515524 0 25 -10 
0.376016 -4.96466 0 -3.31002 0.0656687 0.957437 0.640394 -0.1 1.65297 -2.1456 4.77749 -0.0994147 2.78715 0.0817339 -1.49224 -2.27937 0.22391 0.0497473 0.00591625 
83.8705 8000 0.048591 0.0543899 0.0717169 1.22204 0.571529 0.0517139 0 25 -10 
0.36381 -4.93905 0 -3.30372 0.0664675 0.96051 0.653861 -0.1 1.65759 -2.17196 4.77559 -0.0820497 2.76675 0.0775652 -1.5182 -2.29472 0.222353 0.0484116 0.00522976 
83.8209 8000 0.0521574 0.0575526 0.0736682 1.22204 0.531726 0.0518731 0 25 -10 
0.352213 -4.91462 0 -3.29829 0.0671712 0.963411 0.666588 -0.1 1.66166 -2.19716 4.77378 -0.0659272 2.74737 0.0733122 -1.54317 -2.30947 0.220897 0.0472182 0.00461513 
83.7754 8000 0.0556428 0.0606434 0.0755792 1.22204 0.492826 0.0520287 0 25 -10 
0.341257 -4.89144 0 -3.29362 0.0677894 0.966137 0.678552 -0.1 1.66526 -2.22108 4.77206 -0.0510123 2.72907 0.0690484 -1.56703 -2.32352 0.219539 0.0461545 0.00406612 
83.7337 8000 0.0590213 0.0636394 0.0774349 1.22204 0.455119 0.0521795 0 25 -10 
0.330962 -4.86959 0 -3.28963 0.0683312 0.968685 0.689746 -0.1 1.66842 -2.24367 4.77045 -0.0372627 2.71188 0.0648349 -1.58967 -2.33683 0.21828 0.0452084 0.00357681 
83.6956 8000 0.0622719 0.066522 0.079223 1.22204 0.41884 0.0523246 0 25 -10 
0.321336 -4.8491 0 -3.28622 0.068805 0.971057 0.700173 -0.1 1.67119 -2.26487 4.76893 -0.0246327 2.6958 0.06072 -1.61102 -2.34937 0.217115 0.0443688 0.0031419 
83.6609 8000 0.0653781 0.0692765 0.0809339 1.22204 0.384173 0.0524633 0 25 -10 
0.312374 -4.82994 0 -3.28336 0.0692182 0.973256 0.709842 -0.1 1.67356 -2.28465 4.7675 -0.0131413 2.68084 0.0567149 -1.6311 -2.36113 0.216043 0.0436252 0.00276224 
83.6293 8000 0.0683275 0.0718919 0.0825603 1.22204 0.351256 0.052595 0 25 -10 
0.304056 -4.81199 0 -3.28114 0.069578 0.975286 0.718773 -0.1 1.67527 -2.30289 4.76605 -0.00305604 2.66699 0.0527245 -1.65006 -2.37219 0.215058 0.0429678 0.00246007 
83.6007 8000 0.0711117 0.0743608 0.084097 1.22204 0.320182 0.0527193 0 25 -10 
0.296341 -4.79493 0 -3.27985 0.0698905 0.977153 0.726992 -0.1 1.67576 -2.31936 4.76439 0.00498528 2.65421 0.0485019 -1.66832 -2.38273 0.214157 0.0423878 0.00228913 
83.5748 8000 0.0737257 0.0766788 0.085541 1.22204 0.291008 0.052836 0 25 -10 
0.289173 -4.77833 0 -3.27993 0.0701615 0.978864 0.734526 -0.1 1.67419 -2.33375 4.76223 0.0100285 2.64247 0.0436707 -1.68646 -2.39299 0.213336 0.0418769 0.00233002 
83.5515 8000 0.0761676 0.0788441 0.0868909 1.22204 0.263755 0.052945 0 25 -10 
0.282484 -4.76167 0 -3.28192 0.0703961 0.980427 0.741411 -0.1 1.66958 -2.34566 4.75923 0.0109576 2.63174 0.0377862 -1.70519 -2.40329 0.212589 0.0414277 0.00267722 
83.5305 8000 0.0784379 0.0808574 0.0881469 1.22204 0.238416 0.0530463 0 25 -10 
0.276207 -4.74443 0 -3.28636 0.0705987 0.98185 0.747681 -0.1 1.66094 -2.35473 4.75504 0.00666388 2.62198 0.0304017 -1.72521 -2.41394 0.211912 0.0410333 0.00342486 
83.5118 8000 0.0805395 0.0827209 0.0893101 1.22204 0.214961 0.0531402 0 25 -10 
0.270274 -4.72615 0 -3.2937 0.0707734 0.983141 0.753374 -0.1 1.64741 -2.36067 4.74938 -0.00381329 2.61313 0.0211241 -1.74717 -2.42521 0.2113 0.0406877 0.00465493 
83.4952 8000 0.0824769 0.0844389 0.090383 1.22204 0.193339 0.0532266 0 25 -10 
0.264626 -4.70646 0 -3.30431 0.0709238 0.98431 0.758528 -0.1 1.62835 -2.36325 4.74203 -0.0211897 2.60515 0.00965187 -1.77156 -2.43733 0.210748 0.0403851 0.00642911 
83.4805 8000 0.0842559 0.0860165 0.0913687 1.22204 0.173483 0.0533061 0 25 -10 
0.259215 -4.68509 0 -3.31839 0.0710531 0.985365 0.763181 -0.1 1.60337 -2.36238 4.73284 -0.045885 2.59799 -0.00420382 -1.79871 -2.45046 0.210251 0.0401207 0.00878443 
83.4676 8000 0.0858837 0.0874599 0.092271 1.22204 0.155316 0.0533787 0 25 -10 
0.254 -4.66191 0 -3.33599 0.0711641 0.986315 0.767371 -0.1 1.57234 -2.35807 4.72175 -0.0780101 2.59158 -0.0205138 -1.82878 -2.46466 0.209806 0.03989 0.0117322 
83.4563 8000 0.0873679 0.088776 0.0930939 1.22204 0.138751 0.053445 0 25 -10 
0.248954 -4.63691 0 -3.35703 0.0712593 0.987167 0.771134 -0.1 1.53539 -2.35044 4.70882 -0.117384 2.58587 -0.0392368 -1.86177 -2.47995 0.209407 0.0396888 0.0152592 
83.4467 8000 0.0887169 0.0899722 0.0938422 1.22204 0.123696 0.0535052 0 25 -10 
0.244058 -4.61017 0 -3.3813 0.0713407 0.987931 0.774505 -0.1 1.49288 -2.33969 4.69413 -0.16357 2.58081 -0.0602329 -1.89752 -2.49628 0.20905 0.0395138 0.0193311 
83.4385 8000 0.0899391 0.091056 0.0945204 1.22204 0.110054 0.0535598 0 25 -10 
0.239301 -4.58188 0 -3.4085 0.0714103 0.988614 0.77752 -0.1 1.44532 -2.32611 4.67785 -0.215926 2.57634 -0.083282 -1.93576 -2.51354 0.208733 0.0393615 0.0238962 
83.4316 8000 0.0910434 0.0920352 0.0951332 1.22204 0.0977297 0.0536091 0 25 -10 
0.23468 -4.55226 0 -3.43822 0.0714697 0.989223 0.780208 -0.1 1.39339 -2.31004 4.6602 -0.273655 2.57241 -0.108104 -1.97612 -2.53159 0.20845 0.0392294 0.0288897 
83.426 8000 0.0920383 0.0929175 0.0956856 1.22204 0.0866257 0.0536535 0 25 -10 
0.230197 -4.5216 0 -3.47005 0.0715203 0.989765 0.782601 -0.1 1.33783 -2.29184 4.64142 -0.335859 2.56897 -0.134378 -2.01818 -2.55026 0.208199 0.0391147 0.0342385 
83.4215 8000 0.0929324 0.0937103 0.096182 1.22204 0.0766473 0.0536934 0 25 -10 
0.225856 -4.4902 0 -3.5035 0.0715634 0.990246 0.784727 -0.1 1.27944 -2.27192 4.62176 -0.401586 2.56596 -0.161762 -2.06148 -2.56936 0.207977 0.0390153 0.0398647 
83.4181 8000 0.0937338 0.0944209 0.0966272 1.22204 0.0677027 0.0537292 0 25 -10 
0.221665 -4.45839 0 -3.53813 0.0716001 0.990673 0.786612 -0.1 1.21903 -2.25065 4.60148 -0.469876 2.56335 -0.189908 -2.10555 -2.58869 0.20778 0.0389294 0.0456897 
83.4158 8000 0.0944505 0.0950565 0.0970253 1.22204 0.0597038 0.0537612 0 25 -10 
0.217633 -4.42648 0 -3.57347 0.0716313 0.99105 0.78828 -0.1 1.1574 -2.22841 4.58085 -0.539791 2.56109 -0.218477 -2.14992 -2.60808 0.207606 0.038855 0.0516368 
83.4143 8000 0.0950896 0.0956232 0.0973804 1.22204 0.0525709 0.0537897 0 25 -10 
0.213767 -4.39475 0 -3.60909 0.0716577 0.991384 0.789754 -0.1 1.09527 -2.20557 4.56009 -0.610447 2.55914 -0.247147 -2.19416 -2.62735 0.207453 0.0387908 0.0576333 
83.4137 8000 0.0956529 0.0961226 0.0976934 1.22204 0.046285 0.0538149 0 25 -10 
0.210075 -4.36349 0 -3.6446 0.0716801 0.991678 0.791054 -0.1 1.03335 -2.18245 4.53943 -0.681031 2.55747 -0.275625 -2.23785 -2.64632 0.207318 0.0387354 0.0636126 
83.4139 8000 0.0961271 0.0965431 0.0979569 1.22204 0.0409919 0.053836 0 25 -10 
0.206564 -4.33294 0 -3.67964 0.0716991 0.991937 0.792198 -0.1 0.972239 -2.15933 4.51907 -0.750817 2.55603 -0.303646 -2.28065 -2.66486 0.2072 0.0386876 0.0695154 
83.4149 8000 0.0964801 0.0968561 0.0981529 1.22204 0.0370526 0.0538518 0 25 -10 
0.203238 -4.3033 0 -3.71392 0.0717151 0.992164 0.793205 -0.1 0.912473 -2.13649 4.49918 -0.819171 2.55481 -0.330984 -2.32225 -2.68284 0.207096 0.0386464 0.0752897 
83.4165 8000 0.0966643 0.0970195 0.0982548 1.22204 0.034997 0.05386 0 25 -10 
0.200101 -4.27475 0 -3.74717 0.0717287 0.992364 0.794088 -0.1 0.854501 -2.11414 4.47991 -0.885558 2.55377 -0.357444 -2.36238 -2.70016 0.207005 0.038611 0.0808919 
83.4187 8000 0.0966252 0.0969849 0.0982324 1.22204 0.0354326 0.0538583 0 25 -10 
0.197154 -4.24742 0 -3.77918 0.0717401 0.992539 0.794862 -0.1 0.798692 -2.09247 4.46137 -0.949539 2.55289 -0.382872 -2.40083 -2.71673 0.206925 0.0385806 0.086286 
83.4216 8000 0.0963101 0.0967054 0.0980559 1.22204 0.03895 0.0538442 0 25 -10 
0.194396 -4.22144 0 -3.80978 0.0717497 0.992692 0.795539 -0.1 0.745336 -2.07161 4.44365 -1.01077 2.55215 -0.407145 -2.43744 -2.73248 0.206855 0.0385544 0.0914439 
83.4249 8000 0.0956741 0.0961415 0.0977005 1.22204 0.0460481 0.0538158 0 25 -10 
0.191826 -4.19686 0 -3.83885 0.0717579 0.992826 0.796132 -0.1 0.694649 -2.05169 4.42684 -1.06898 2.55153 -0.430172 -2.47211 -2.74738 0.206794 0.038532 0.0963444 
83.4287 8000 0.0946852 0.0952646 0.0971482 1.22204 0.0570847 0.0537717 0 25 -10 
0.189439 -4.17373 0 -3.8663 0.0717647 0.992943 0.796649 -0.1 0.646781 -2.03279 4.41096 -1.12399 2.55101 -0.451892 -2.50474 -2.76139 0.206741 0.0385127 0.100973 
83.4326 8000 0.0933263 0.0940596 0.0963895 1.22204 0.072251 0.053711 0 25 -10 
0.187231 -4.15209 0 -3.89209 0.0717705 0.993045 0.7971 -0.1 0.601821 -2.01496 4.39606 -1.17569 2.55057 -0.472272 -2.53531 -2.7745 0.206695 0.0384962 0.105321 
83.436 8000 0.0915955 0.0925249 0.0954233 1.22204 0.0915684 0.0536337 0 25 -10 
0.185195 -4.13193 0 -3.91618 0.0717753 0.993133 0.797492 -0.1 0.559807 -1.99824 4.38214 -1.22403 2.55021 -0.491299 -2.56381 -2.78672 0.206655 0.038482 0.109384 
83.4384 8000 0.089505 0.0906712 0.0942565 1.22204 0.114899 0.0535404 0 25 -10 
0.183324 -4.11323 0 -3.93859 0.0717794 0.993211 0.797834 -0.1 0.520732 -1.98263 4.3692 -1.26902 2.54992 -0.508981 -2.59026 -2.79805 0.20662 0.0384699 0.113163 
83.4386 8000 0.0870794 0.0885204 0.0929027 1.22204 0.14197 0.0534321 0 25 -10 
0.18161 -4.09595 0 -3.95934 0.0717828 0.993278 0.79813 -0.1 0.48455 -1.96814 4.35722 -1.31069 2.54967 -0.525341 -2.61471 -2.80851 0.20659 0.0384596 0.116663 
83.4356 8000 0.0843531 0.0861029 0.0913811 1.22204 0.172399 0.0533104 0 25 -10 
0.180045 -4.08006 0 -3.97847 0.0717856 0.993336 0.798388 -0.1 0.451186 -1.95475 4.34617 -1.34912 2.54947 -0.540417 -2.63721 -2.81814 0.206563 0.0384507 0.11989 
83.4284 8000 0.0813674 0.0834554 0.0897148 1.22204 0.205722 0.0531771 0 25 -10 
0.178621 -4.06549 0 -3.99605 0.071788 0.993386 0.798611 -0.1 0.420541 -1.94242 4.33603 -1.38444 2.54931 -0.554257 -2.65785 -2.82696 0.206541 0.0384432 0.122854 
83.4155 8000 0.0781682 0.0806187 0.0879294 1.22204 0.241427 0.0530343 0 25 -10 
0.177328 -4.05217 0 -4.01213 0.07179 0.99343 0.798804 -0.1 0.392496 -1.93111 4.32675 -1.41678 2.54918 -0.566915 -2.67671 -2.83502 0.206521 0.0384367 0.125568 
83.3959 8000 0.0748037 0.0776353 0.0860518 1.22204 0.278977 0.0528841 0 25 -10 
0.176157 -4.04005 0 -4.0268 0.0717917 0.993468 0.798971 -0.1 0.366917 -1.92077 4.31829 -1.44627 2.54908 -0.578455 -2.6939 -2.84236 0.206504 0.0384312 0.128042 
83.3686 8000 0.071322 0.074548 0.0841088 1.22204 0.317835 0.0527287 0 25 -10 
0.1751 -4.02905 0 -4.04013 0.0717931 0.9935 0.799116 -0.1 0.343665 -1.91136 4.3106 -1.47309 2.549 -0.58894 -2.7095 -2.84902 0.206489 0.0384265 0.130292 
83.3324 8000 0.0677699 0.0713983 0.0821265 1.22204 0.357479 0.0525701 0 25 -10 
0.174148 -4.01909 0 -4.05222 0.0717942 0.993529 0.799241 -0.1 0.322593 -1.90282 4.30363 -1.49741 2.54893 -0.598439 -2.72362 -2.85505 0.206477 0.0384225 0.132331 
83.2866 8000 0.064191 0.0682248 0.0801293 1.22204 0.397422 0.0524103 0 25 -10 
0.173293 -4.0101 0 -4.06313 0.0717952 0.993553 0.799348 -0.1 0.303551 -1.89509 4.29734 -1.51938 2.54888 -0.607019 -2.73637 -2.86049 0.206466 0.0384191 0.134173 
83.2305 8000 0.0606253 0.065063 0.0781394 1.22204 0.437218 0.0522511 0 25 -10 
0.172526 -4.00201 0 -4.07297 0.071796 0.993574 0.799441 -0.1 0.286393 -1.88812 4.29166 -1.53919 2.54884 -0.614748 -2.74785 -2.86539 0.206456 0.0384162 0.135833 
83.1637 8000 0.0571083 0.0619445 0.0761768 1.22204 0.47647 0.0520941 0 25 -10 
0.171841 -3.99475 0 -4.08182 0.0717967 0.993592 0.799521 -0.1 0.270971 -1.88184 4.28657 -1.55699 2.54881 -0.621693 -2.75816 -2.86978 0.206448 0.0384137 0.137325 
83.0858 8000 0.0536708 0.0588964 0.0742585 1.22204 0.514835 0.0519407 0 25 -10 
0.171229 -3.98825 0 -4.08974 0.0717973 0.993607 0.79959 -0.1 0.257144 -1.87621 4.282 -1.57295 2.54879 -0.627917 -2.7674 -2.87372 0.206441 0.0384117 0.138663 
82.9968 8000 0.0503387 0.0559417 0.072399 1.22204 0.552024 0.0517919 0 25 -10 
0.170684 -3.98243 0 -4.09684 0.0717977 0.993621 0.799649 -0.1 0.244778 -1.87117 4.27791 -1.58724 2.54877 -0.633482 -2.77565 -2.87724 0.206435 0.0384099 0.13986 
82.8966 8000 0.0471329 0.0530991 0.07061 1.22204 0.587803 0.0516488 0 25 -10 
0.170199 -3.97725 0 -4.10316 0.0717981 0.993632 0.7997 -0.1 0.233742 -1.86666 4.27426 -1.59998 2.54876 -0.638448 -2.78301 -2.88038 0.20643 0.0384084 0.140928 
82.7856 8000 0.04407 0.0503831 0.0689008 1.22204 0.621987 0.0515121 0 25 -10 
0.169769 -3.97264 0 -4.1088 0.0717985 0.993642 0.799744 -0.1 0.223916 -1.86265 4.27102 -1.61133 2.54875 -0.642868 -2.78956 -2.88317 0.206426 0.0384071 0.141879 
82.6639 8000 0.0411621 0.0478047 0.0672781 1.22204 0.654441 0.0513822 0 25 -10 
0.169389 -3.96854 0 -4.1138 0.0717987 0.993651 0.799781 -0.1 0.215183 -1.85908 4.26813 -1.62142 2.54875 -0.646795 -2.79538 -2.88565 0.206422 0.038406 0.142724 
82.5323 8000 0.0384177 0.0453712 0.0657466 1.22204 0.68507 0.0512597 0 25 -10 
0.169052 -3.96491 0 -4.11824 0.0717989 0.993658 0.799813 -0.1 0.207439 -1.85591 4.26557 -1.63037 2.54875 -0.650278 -2.80054 -2.88784 0.206419 0.0384051 0.143473 
82.3912 8000 0.0358416 0.0430869 0.064309 1.22204 0.713822 0.0511447 0 25 -10 
0.168755 -3.9617 0 -4.12218 0.0717991 0.993664 0.79984 -0.1 0.200583 -1.8531 4.26331 -1.63829 2.54875 -0.65336 -2.8051 -2.88979 0.206416 0.0384043 0.144137 
82.2414 8000 0.0334357 0.0409535 0.0629664 1.22204 0.740673 0.0510373 0 25 -10 
0.168493 -3.95886 0 -4.12565 0.0717993 0.993669 0.799864 -0.1 0.194526 -1.85062 4.26131 -1.64529 2.54875 -0.656083 -2.80914 -2.8915 0.206414 0.0384036 0.144723 
82.0837 8000 0.0311993 0.0389705 0.0617184 1.22204 0.765633 0.0509375 0 25 -10 
0.168263 -3.95636 0 -4.12871 0.0717994 0.993674 0.799884 -0.1 0.189182 -1.84843 4.25954 -1.65147 2.54875 -0.658484 -2.81269 -2.89302 0.206412 0.0384031 0.14524 
81.9188 8000 0.0291297 0.0371353 0.0605635 1.22204 0.788731 0.0508451 0 25 -10 
0.168061 -3.95416 0 -4.13141 0.0717995 0.993678 0.799901 -0.1 0.184477 -1.8465 4.25799 -1.65691 2.54875 -0.660598 -2.81582 -2.89435 0.20641 0.0384026 0.145695 
81.7476 8000 0.0272223 0.035444 0.0594991 1.22204 0.810019 0.0507599 0 25 -10 
0.167884 -3.95223 0 -4.13378 0.0717996 0.993681 0.799916 -0.1 0.18034 -1.8448 4.25662 -1.66169 2.54876 -0.662457 -2.81857 -2.89552 0.206408 0.0384022 0.146096 
81.571 8000 0.0254712 0.0338913 0.0585219 1.22204 0.829562 0.0506818 0 25 -10 
0.167728 -3.95053 0 -4.13586 0.0717997 0.993684 0.799929 -0.1 0.176708 -1.84331 4.25542 -1.66589 2.54876 -0.664088 -2.82098 -2.89655 0.206407 0.0384018 0.146447 
81.39 8000 0.0238694 0.0324709 0.0576281 1.22204 0.847439 0.0506102 0 25 -10 
0.167592 -3.94904 0 -4.13769 0.0717997 0.993686 0.799939 -0.1 0.173525 -1.842 4.25437 -1.66957 2.54876 -0.665518 -2.82309 -2.89744 0.206406 0.0384015 0.146755 
81.2053 8000 0.0224093 0.0311762 0.0568132 1.22204 0.863736 0.0505451 0 25 -10 
0.167473 -3.94774 0 -4.13929 0.0717998 0.993688 0.799948 -0.1 0.170738 -1.84086 4.25345 -1.67279 2.54877 -0.66677 -2.82494 -2.89823 0.206405 0.0384013 0.147025 
81.018 8000 0.0210825 0.0299997 0.0560728 1.22204 0.878544 0.0504858 0 25 -10 
0.16737 -3.94661 0 -4.14068 0.0717998 0.99369 0.799956 -0.1 0.168302 -1.83985 4.25265 -1.67561 2.54877 -0.667863 -2.82656 -2.89892 0.206404 0.0384011 0.147261 
80.8287 8000 0.0198806 0.028934 0.0554021 1.22204 0.891958 0.0504322 0 25 -10 
0.16728 -3.94561 0 -4.1419 0.0717998 0.993692 0.799963 -0.1 0.166176 -1.83898 4.25195 -1.67806 2.54877 -0.668818 -2.82797 -2.89952 0.206404 0.0384009 0.147467 
80.6383 8000 0.018795 0.0279713 0.0547963 1.22204 0.904074 0.0503837 0 25 -10 
0.167201 -3.94475 0 -4.14297 0.0717999 0.993693 0.799968 -0.1 0.164322 -1.83822 4.25134 -1.68021 2.54877 -0.669651 -2.8292 -2.90004 0.206403 0.0384008 0.147646 
80.4476 8000 0.0178171 0.0271042 0.0542506 1.22204 0.914988 0.05034 0 25 -10 
0.167133 -3.944 0 -4.14389 0.0717999 0.993694 0.799973 -0.1 0.162708 -1.83755 4.2508 -1.68208 2.54878 -0.670375 -2.83027 -2.9005 0.206403 0.0384007 0.147802 
80.2573 8000 0.0169385 0.0263252 0.0537604 1.22204 0.924793 0.0503008 0 25 -10 
0.167073 -3.94334 0 -4.1447 0.0717999 0.993695 0.799977 -0.1 0.161304 -1.83697 4.25034 -1.6837 2.54878 -0.671006 -2.8312 -2.90089 0.206402 0.0384006 0.147938 
80.068 8000 0.0161512 0.025627 0.053321 1.22204 0.933581 0.0502657 0 25 -10 
0.167022 -3.94277 0 -4.1454 0.0717999 0.993696 0.799981 -0.1 0.160084 -1.83647 4.24994 -1.68511 2.54878 -0.671553 -2.83201 -2.90124 0.206402 0.0384005 0.148056 
79.8805 8000 0.0154472 0.0250028 0.0529281 1.22204 0.941437 0.0502343 0 25 -10 
0.166977 -3.94228 0 -4.146 0.0717999 0.993696 0.799984 -0.1 0.159025 -1.83604 4.24959 -1.68633 2.54878 -0.672028 -2.83271 -2.90154 0.206402 0.0384004 0.148159 
79.6951 8000 0.0148192 0.0244459 0.0525777 1.22204 0.948446 0.0502062 0 25 -10 
0.166939 -3.94185 0 -4.14653 0.0718 0.993697 0.799986 -0.1 0.158107 -1.83566 4.24928 -1.6874 2.54879 -0.67244 -2.83332 -2.90179 0.206401 0.0384003 0.148248 
79.5125 8000 0.0142602 0.0239502 0.0522657 1.22204 0.954685 0.0501813 0 25 -10 
0.166905 -3.94148 0 -4.14698 0.0718 0.993697 0.799988 -0.1 0.157313 -1.83533 4.24902 -1.68832 2.54879 -0.672796 -2.83385 -2.90202 0.206401 0.0384003 0.148324 
79.3331 8000 0.0137636 0.0235099 0.0519886 1.22204 0.960228 0.0501591 0 25 -10 
0.166876 -3.94116 0 -4.14738 0.0718 0.993698 0.79999 -0.1 0.156625 -1.83505 4.24879 -1.68911 2.54879 -0.673105 -2.8343 -2.90221 0.206401 0.0384002 0.148391 
79.1573 8000 0.0133233 0.0231195 0.0517429 1.22204 0.965142 0.0501394 0 25 -10 
0.166851 -3.94089 0 -4.14772 0.0718 0.993698 0.799992 -0.1 0.156031 -1.8348 4.2486 -1.6898 2.54879 -0.673371 -2.8347 -2.90238 0.206401 0.0384002 0.148449 
78.9855 8000 0.0129336 0.022774 0.0515255 1.22204 0.969491 0.050122 0 25 -10 
0.16683 -3.94065 0 -4.14801 0.0718 0.993698 0.799993 -0.1 0.155518 -1.83459 4.24843 -1.69039 2.54879 -0.673602 -2.83504 -2.90252 0.206401 0.0384002 0.148498 
78.8178 8000 0.0125894 0.0224688 0.0513334 1.22204 0.973332 0.0501067 0 25 -10 
0.166811 -3.94044 0 -4.14827 0.0718 0.993699 0.799994 -0.1 0.155076 -1.83441 4.24828 -1.6909 2.54879 -0.6738 -2.83533 -2.90265 0.206401 0.0384001 0.148541 
78.6547 8000 0.0122859 0.0221996 0.051164 1.22204 0.97672 0.0500931 0 25 -10 
0.166795 -3.94027 0 -4.14848 0.0718 0.993699 0.799995 -0.1 0.154694 -1.83425 4.24816 -1.69134 2.54879 -0.673971 -2.83558 -2.90276 0.206401 0.0384001 0.148578 
78.4962 8000 0.0120187 0.0219627 0.0510149 1.22204 0.979702 0.0500812 0 25 -10 
0.166782 -3.94011 0 -4.14867 0.0718 0.993699 0.799996 -0.1 0.154366 -1.83411 4.24805 -1.69172 2.54879 -0.674118 -2.8358 -2.90285 0.2064 0.0384001 0.14861 
78.3426 8000 0.0117838 0.0217544 0.0508838 1.22204 0.982323 0.0500707 0 25 -10 
0.16677 -3.93998 0 -4.14883 0.0718 0.993699 0.799996 -0.1 0.154083 -1.834 4.24796 -1.69205 2.5488 -0.674245 -2.83599 -2.90293 0.2064 0.0384001 0.148637 
78.194 8000 0.0115777 0.0215716 0.0507688 1.22204 0.984624 0.0500615 0 25 -10 
0.16676 -3.93987 0 -4.14897 0.0718 0.993699 0.799997 -0.1 0.15384 -1.8339 4.24788 -1.69233 2.5488 -0.674354 -2.83615 -2.903 0.2064 0.0384001 0.148661 
78.0504 8000 0.011397 0.0214114 0.050668 1.22204 0.98664 0.0500534 0 25 -10 
0.166751 -3.93977 0 -4.14909 0.0718 0.993699 0.799997 -0.1 0.153632 -1.83381 4.24781 -1.69257 2.5488 -0.674448 -2.83629 -2.90305 0.2064 0.0384001 0.148681 
77.9119 8000 0.0112389 0.0212712 0.0505798 1.22204 0.988405 0.0500464 0 25 -10 
0.166744 -3.93969 0 -4.1492 0.0718 0.9937 0.799998 -0.1 0.153453 -1.83374 4.24775 -1.69278 2.5488 -0.674528 -2.8364 -2.9031 0.2064 0.0384 0.148698 
77.7786 8000 0.0111008 0.0211487 0.0505027 1.22204 0.989947 0.0500402 0 25 -10 
0.166737 -3.93961 0 -4.14928 0.0718 0.9937 0.799998 -0.1 0.1533 -1.83366 4.2477 -1.69295 2.5488 -0.674588 -2.8365 -2.90315 0.2064 0.0383997 0.148712 
77.6504 8000 0.0109802 0.0210418 0.0504354 1.22204 0.991292 0.0500348 0 25 -10 
0.166726 -3.93952 0 -4.14926 0.0718 0.9937 0.799998 -0.1 0.153183 -1.83352 4.24764 -1.69305 2.54881 -0.674545 -2.83653 -2.90317 0.2064 0.0383961 0.148711 
77.5273 8000 0.0108751 0.0209486 0.0503767 1.22204 0.992466 0.0500301 0 25 -10 
0.166696 -3.93932 0 -4.1489 0.0718 0.9937 0.799999 -0.1 0.153137 -1.83306 4.24753 -1.69294 2.54886 -0.674131 -2.83635 -2.90315 0.2064 0.0383799 0.148659 
77.4093 8000 0.0107836 0.0208675 0.0503257 1.22204 0.993487 0.0500261 0 25 -10 
0.16662 -3.93884 0 -4.14775 0.0718 0.9937 0.799999 -0.1 0.153229 -1.83183 4.2473 -1.69237 2.54902 -0.672845 -2.83568 -2.90302 0.2064 0.0383333 0.148488 
77.2962 8000 0.010704 0.0207969 0.0502813 1.22204 0.994375 0.0500225 0 25 -10 
0.166463 -3.93788 0 -4.1452 0.0718 0.9937 0.799999 -0.1 0.153555 -1.82924 4.24686 -1.69098 2.54935 -0.670021 -2.83417 -2.9027 0.2064 0.0382331 0.148107 
77.188 8000 0.0106349 0.0207356 0.0502427 1.22204 0.995146 0.0500194 0 25 -10 
0.166183 -3.93618 0 -4.14059 0.0718 0.9937 0.799999 -0.1 0.154215 -1.82462 4.24608 -1.68841 2.54994 -0.664925 -2.83139 -2.90211 0.2064 0.0380536 0.147418 
77.0846 8000 0.0105749 0.0206824 0.0502092 1.22204 0.995816 0.0500167 0 25 -10 
0.165745 -3.93353 0 -4.13329 0.0718 0.9937 0.799999 -0.1 0.155308 -1.81736 4.24487 -1.68429 2.55088 -0.656862 -2.82698 -2.90117 0.2064 0.0377702 0.146326 
76.9859 8000 0.0105229 0.0206364 0.0501802 1.22204 0.996396 0.0500144 0 25 -10 
0.165116 -3.92974 0 -4.12276 0.0718 0.9937 0.799999 -0.1 0.156915 -1.80694 4.24315 -1.67832 2.55222 -0.645248 -2.82062 -2.89981 0.2064 0.0373627 0.144752 
76.8918 8000 0.0104779 0.0205965 0.0501551 1.22204 0.996898 0.0500124 0 25 -10 
0.164273 -3.92466 0 -4.10864 0.0718 0.9937 0.8 -0.1 0.159095 -1.79297 4.24084 -1.67029 2.55402 -0.629669 -2.81207 -2.89797 0.2064 0.0368164 0.142639 
76.802 8000 0.010439 0.0205619 0.0501334 1.22204 0.997332 0.0500107 0 25 -10 
0.163205 -3.91823 0 -4.09071 0.0718 0.9937 0.8 -0.1 0.161878 -1.77526 4.23792 -1.66008 2.55631 -0.609897 -2.80122 -2.89564 0.2064 0.0361234 0.139958 
76.7166 8000 0.0104054 0.0205321 0.0501146 1.22204 0.997708 0.0500092 0 25 -10 
0.161909 -3.91043 0 -4.06894 0.0718 0.9937 0.8 -0.1 0.16527 -1.75377 4.23439 -1.64767 2.55909 -0.585893 -2.78803 -2.8928 0.2064 0.0352822 0.136701 
76.6353 8000 0.0103763 0.0205064 0.0500984 1.22204 0.998032 0.0500079 0 25 -10 
0.160393 -3.9013 0 -4.04346 0.0718 0.9937 0.8 -0.1 0.16925 -1.72863 4.23025 -1.63315 2.56233 -0.557795 -2.77259 -2.88948 0.2064 0.0342978 0.132889 
76.558 8000 0.0103513 0.0204842 0.0500844 1.22204 0.998311 0.0500068 0 25 -10 
0.158672 -3.89095 0 -4.01453 0.0718 0.9937 0.8 -0.1 0.173776 -1.70008 4.22556 -1.61664 2.56602 -0.52589 -2.75506 -2.88571 0.2064 0.0331801 0.12856 
76.4845 8000 0.0103297 0.020465 0.0500724 1.22204 0.998552 0.0500058 0 25 -10 
0.156767 -3.87949 0 -3.9825 0.0718 0.9937 0.8 -0.1 0.178791 -1.6685 4.22037 -1.59837 2.5701 -0.490582 -2.73565 -2.88153 0.2064 0.0319433 0.12377 
76.4147 8000 0.0103111 0.0204485 0.050062 1.22204 0.99876 0.050005 0 25 -10 
0.154706 -3.8671 0 -3.94784 0.0718 0.9937 0.8 -0.1 0.184223 -1.63431 4.21475 -1.57859 2.57452 -0.452364 -2.71465 -2.877 0.2064 0.0306046 0.118584 
76.3484 8000 0.0102951 0.0204344 0.0500531 1.22204 0.998938 0.0500042 0 25 -10 
0.152518 -3.85393 0 -3.91103 0.0718 0.9937 0.8 -0.1 0.189994 -1.59801 4.20878 -1.55758 2.57921 -0.41178 -2.69234 -2.8722 0.2064 0.0291831 0.113077 
76.2856 8000 0.0102814 0.0204222 0.0500454 1.22204 0.999091 0.0500036 0 25 -10 
0.150233 -3.84019 0 -3.87259 0.0718 0.9937 0.8 -0.1 0.196024 -1.56011 4.20255 -1.53563 2.58411 -0.369399 -2.66904 -2.86718 0.2064 0.0276988 0.107326 
76.2259 8000 0.0102696 0.0204117 0.0500388 1.22204 0.999223 0.0500031 0 25 -10 
0.147882 -3.82605 0 -3.83304 0.0718 0.9937 0.8 -0.1 0.20223 -1.52111 4.19615 -1.51305 2.58915 -0.325793 -2.64507 -2.86202 0.2064 0.0261715 0.101409 
76.1693 8000 0.0102595 0.0204027 0.0500332 1.22204 0.999336 0.0500027 0 25 -10 
0.145495 -3.81169 0 -3.79287 0.0718 0.9937 0.8 -0.1 0.208534 -1.48151 4.18964 -1.49012 2.59426 -0.281513 -2.62072 -2.85677 0.2064 0.0246206 0.0954002 
76.1157 8000 0.0102508 0.020395 0.0500283 1.22204 0.999433 0.0500023 0 25 -10 
0.143099 -3.79728 0 -3.75256 0.0718 0.9937 0.8 -0.1 0.214862 -1.44177 4.18311 -1.46711 2.5994 -0.237073 -2.59629 -2.85151 0.2064 0.0230642 0.0893699 
76.0648 8000 0.0102433 0.0203884 0.0500242 1.22204 0.999516 0.0500019 0 25 -10 
0.14072 -3.78298 0 -3.71254 0.0718 0.9937 0.8 -0.1 0.221147 -1.40231 4.17663 -1.44426 2.6045 -0.192944 -2.57203 -2.84628 0.2064 0.0215187 0.0833816 
76.0166 8000 0.010237 0.0203828 0.0500206 1.22204 0.999587 0.0500017 0 25 -10 
0.13838 -3.7689 0 -3.67317 0.0718 0.9937 0.8 -0.1 0.227328 -1.3635 4.17026 -1.42178 2.60951 -0.149541 -2.54817 -2.84114 0.2064 0.0199986 0.0774918 
75.9709 8000 0.0102315 0.0203779 0.0500176 1.22204 0.999648 0.0500014 0 25 -10 
0.136099 -3.75519 0 -3.63478 0.0718 0.9937 0.8 -0.1 0.233356 -1.32566 4.16404 -1.39986 2.6144 -0.107223 -2.5249 -2.83613 0.2064 0.0185165 0.0717492 
75.9276 8000 0.0102268 0.0203738 0.050015 1.22204 0.9997 0.0500012 0 25 -10 
0.133893 -3.74192 0 -3.59765 0.0718 0.9937 0.8 -0.1 0.239188 -1.28906 4.15803 -1.37866 2.61914 -0.0662893 -2.5024 -2.83128 0.2064 0.017083 0.0661945 
75.8866 8000 0.0102229 0.0203703 0.0500128 1.22204 0.999745 0.050001 0 25 -10 
0.131774 -3.72917 0 -3.562 0.0718 0.9937 0.8 -0.1 0.244788 -1.25391 4.15226 -1.3583 2.62368 -0.0269827 -2.48079 -2.82663 0.2064 0.0157064 0.0608605 
75.8476 8000 0.0102195 0.0203673 0.0500109 1.22204 0.999783 0.0500009 0 25 -10 
0.129753 -3.71702 0 -3.52799 0.0718 0.9937 0.8 -0.1 0.250129 -1.22039 4.14675 -1.33888 2.62801 0.0105092 -2.46017 -2.82219 0.2064 0.0143933 0.0557728 
75.8107 8000 0.0102165 0.0203647 0.0500092 1.22204 0.999815 0.0500007 0 25 -10 
0.127837 -3.7055 0 -3.49576 0.0718 0.9937 0.8 -0.1 0.255193 -1.18861 4.14153 -1.32048 2.63212 0.0460496 -2.44063 -2.81798 0.2064 0.0131487 0.0509499 
75.7757 8000 0.0102141 0.0203625 0.0500078 1.22204 0.999843 0.0500006 0 25 -10 
0.126032 -3.69464 0 -3.46537 0.0718 0.9937 0.8 -0.1 0.259966 -1.15865 4.13661 -1.30313 2.63599 0.0795474 -2.42222 -2.81401 0.2064 0.0119755 0.0464041 
75.7424 8000 0.010212 0.0203606 0.0500067 1.22204 0.999867 0.0500005 0 25 -10 
0.124339 -3.68446 0 -3.43689 0.0718 0.9937 0.8 -0.1 0.264441 -1.13057 4.132 -1.28686 2.63962 0.110952 -2.40495 -2.81029 0.2064 0.0108757 0.0421424 
75.7109 8000 0.0102102 0.020359 0.0500057 1.22204 0.999887 0.0500005 0 25 -10 
0.12276 -3.67496 0 -3.41031 0.0718 0.9937 0.8 -0.1 0.268616 -1.10438 4.1277 -1.27168 2.643 0.14025 -2.38884 -2.80682 0.2064 0.00984964 0.0381666 
75.6809 8000 0.0102086 0.0203576 0.0500048 1.22204 0.999904 0.0500004 0 25 -10 
0.121293 -3.66615 0 -3.38563 0.0718 0.9937 0.8 -0.1 0.272493 -1.08005 4.1237 -1.25759 2.64614 0.167455 -2.37388 -2.80359 0.2064 0.00889688 0.0344748 
75.6523 8000 0.0102073 0.0203565 0.0500041 1.22204 0.999918 0.0500003 0 25 -10 
0.119937 -3.65799 0 -3.36282 0.0718 0.9937 0.8 -0.1 0.276078 -1.05756 4.12001 -1.24456 2.64905 0.192608 -2.36005 -2.80062 0.2064 0.00801598 0.0310614 
75.6252 8000 0.0102062 0.0203555 0.0500035 1.22204 0.999931 0.0500003 0 25 -10 
0.118691 -3.65049 0 -3.34181 0.0717993 0.993698 0.799998 -0.1 0.279383 -1.03685 4.11661 -1.23256 2.65173 0.215772 -2.34731 -2.79787 0.2064 0.00720482 0.0279183 
75.5994 8000 0.0102053 0.0203547 0.0500029 1.22204 0.999941 0.0500002 0 25 -10 
0.117571 -3.64369 0 -3.32252 0.0717907 0.993678 0.799979 -0.1 0.282465 -1.01783 4.11348 -1.22154 2.65422 0.237038 -2.33553 -2.79531 0.206404 0.00646071 0.0250349 
75.5748 8000 0.0102045 0.0203539 0.0500025 1.22204 0.99995 0.0500002 0 25 -10 
0.116646 -3.6378 0 -3.30481 0.0717499 0.993579 0.799888 -0.1 0.285491 -1.00039 4.11061 -1.2114 2.65661 0.256549 -2.32437 -2.79279 0.206422 0.00578056 0.0223994 
75.5513 8000 0.0102038 0.0203533 0.0500021 1.22204 0.999958 0.0500002 0 25 -10 
0.116051 -3.63326 0 -3.2885 0.07163 0.99329 0.799619 -0.1 0.288771 -0.984327 4.10794 -1.20199 2.65909 0.274503 -2.31323 -2.79006 0.206476 0.00516096 0.0199985 
75.5289 8000 0.0102038 0.0203534 0.0500021 1.22204 0.999957 0.0500002 0 25 -10 
0.115971 -3.63067 0 -3.27334 0.0713668 0.992655 0.799029 -0.1 0.292724 -0.969436 4.10543 -1.19314 2.66191 0.291145 -2.30132 -2.78678 0.206593 0.00459832 0.0178183 
75.5075 8000 0.0102104 0.0203592 0.0500058 1.22204 0.999884 0.0500005 0 25 -10 
0.116612 -3.6307 0 -3.25909 0.0708896 0.991504 0.797959 -0.1 0.297813 -0.955478 4.10301 -1.18465 2.66533 0.306733 -2.28772 -2.78255 0.206806 0.00408895 0.0158445 
75.4871 8000 0.010244 0.020389 0.0500245 1.22204 0.999509 0.050002 0 25 -10 
0.118173 -3.634 0 -3.24549 0.0701303 0.989673 0.796257 -0.1 0.304484 -0.94222 4.10064 -1.17633 2.66963 0.321524 -2.2716 -2.77701 0.207144 0.00362911 0.0140627 
75.4675 8000 0.010344 0.0204777 0.0500804 1.22204 0.998392 0.0500064 0 25 -10 
0.120818 -3.64109 0 -3.23233 0.0690314 0.987022 0.793794 -0.1 0.313115 -0.929454 4.09826 -1.168 2.67501 0.335748 -2.25221 -2.76983 0.207634 0.00321512 0.0124585 
75.4487 8000 0.0105645 0.0206732 0.0502034 1.22204 0.995932 0.0500163 0 25 -10 
0.124667 -3.65237 0 -3.21942 0.0675512 0.983452 0.790476 -0.1 0.323985 -0.917005 4.09583 -1.15953 2.68164 0.3496 -2.22902 -2.7608 0.208294 0.00284337 0.0110179 
75.4306 8000 0.0109652 0.0210285 0.050427 1.22204 0.99146 0.0500342 0 25 -10 
0.129784 -3.66804 0 -3.20661 0.0656664 0.978906 0.786251 -0.1 0.337254 -0.904736 4.09332 -1.15082 2.68963 0.36323 -2.20169 -2.74977 0.209135 0.00251036 0.00972754 
75.4133 8000 0.0116038 0.0215947 0.0507834 1.22204 0.984333 0.0500627 0 25 -10 
0.136179 -3.6881 0 -3.19381 0.0633718 0.973372 0.781108 -0.1 0.352969 -0.892552 4.09073 -1.14182 2.69899 0.376745 -2.17011 -2.73671 0.210158 0.00221274 0.0085743 
75.3966 8000 0.0125288 0.022415 0.0512995 1.22204 0.974009 0.050104 0 25 -10 
0.143812 -3.71242 0 -3.18096 0.0606797 0.966879 0.775074 -0.1 0.371066 -0.880397 4.08804 -1.13249 2.7097 0.39021 -2.13438 -2.72167 0.211358 0.00194736 0.00754595 
75.3806 8000 0.0137755 0.0235205 0.0519953 1.22204 0.960095 0.0501596 0 25 -10 
0.152597 -3.7407 0 -3.16805 0.0576168 0.959492 0.768208 -0.1 0.391388 -0.868247 4.08525 -1.12285 2.72167 0.40365 -2.09476 -2.70479 0.212723 0.00171122 0.00663091 
75.3651 8000 0.0153639 0.0249289 0.0528817 1.22204 0.942367 0.0502305 0 25 -10 
0.162415 -3.77253 0 -3.15508 0.0542216 0.951303 0.760598 -0.1 0.413703 -0.856109 4.08238 -1.11293 2.73477 0.417062 -2.05166 -2.68624 0.214237 0.00150152 0.00581834 
75.3501 8000 0.0172984 0.0266443 0.0539612 1.22204 0.920777 0.0503169 0 25 -10 
0.173122 -3.80741 0 -3.1421 0.0505411 0.942426 0.752348 -0.1 0.437724 -0.844009 4.07944 -1.1028 2.74883 0.430417 -2.00558 -2.66628 0.215878 0.00131566 0.00509816 
75.3356 8000 0.0195688 0.0286575 0.0552281 1.22204 0.895438 0.0504182 0 25 -10 
0.184558 -3.84481 0 -3.12915 0.0466278 0.932988 0.743576 -0.1 0.46313 -0.831991 4.07645 -1.09251 2.76367 0.443669 -1.95711 -2.64517 0.217623 0.00115125 0.00446106 
75.3216 8000 0.0221526 0.0309486 0.05667 1.22204 0.8666 0.0505336 0 25 -10 
0.196554 -3.88416 0 -3.11631 0.0425366 0.92312 0.734406 -0.1 0.489581 -0.820109 4.07344 -1.08216 2.77909 0.456761 -1.90686 -2.62319 0.219447 0.00100606 0.00389845 
75.3079 8000 0.0250174 0.0334889 0.0582687 1.22204 0.834627 0.0506615 0 25 -10 
0.208943 -3.92488 0 -3.10365 0.038323 0.912958 0.724961 -0.1 0.516736 -0.808421 4.07043 -1.07181 2.79491 0.469629 -1.85544 -2.60062 0.221325 0.000878063 0.00340247 
75.2947 8000 0.0281236 0.0362432 0.060002 1.22204 0.79996 0.0508002 0 25 -10 
0.221561 -3.96643 0 -3.09123 0.0340404 0.902629 0.715362 -0.1 0.544265 -0.796987 4.06744 -1.06155 2.81093 0.48221 -1.80346 -2.57774 0.223235 0.000765412 0.00296595 
75.2818 8000 0.0314268 0.0391722 0.0618453 1.22204 0.763094 0.0509476 0 25 -10 
0.234256 -4.00829 0 -3.07912 0.029739 0.892254 0.70572 -0.1 0.571858 -0.785864 4.0645 -1.05145 2.82697 0.494442 -1.75147 -2.55481 0.225152 0.000666421 0.00258237 
75.2693 8000 0.0348806 0.0422347 0.0637727 1.22204 0.724547 0.0511018 0 25 -10 
0.24689 -4.05 0 -3.06738 0.0254646 0.881945 0.696139 -0.1 0.59923 -0.775105 4.06163 -1.04159 2.84287 0.506269 -1.69998 -2.53207 0.227058 0.000579566 0.00224581 
75.2571 8000 0.0384382 0.0453894 0.0657579 1.22204 0.684841 0.0512606 0 25 -10 
0.259338 -4.09114 0 -3.05607 0.0212579 0.871799 0.68671 -0.1 0.626131 -0.764756 4.05884 -1.03202 2.85849 0.51764 -1.64946 -2.50971 0.228934 0.00050347 0.00195094 
75.2451 8000 0.0420545 0.048596 0.067776 1.22204 0.64448 0.0514221 0 25 -10 
0.271493 -4.13134 0 -3.04524 0.0171539 0.8619 0.677511 -0.1 0.652343 -0.754855 4.05615 -1.0228 2.87371 0.528515 -1.60029 -2.48793 0.230763 0.000436894 0.00169295 
75.2334 8000 0.0456871 0.0518171 0.0698031 1.22204 0.603939 0.0515842 0 25 -10 
0.283267 -4.1703 0 -3.03492 0.0131819 0.852321 0.668608 -0.1 0.677687 -0.745432 4.05357 -1.01397 2.88841 0.538861 -1.55281 -2.46687 0.232534 0.000378725 0.00146755 
75.222 8000 0.0492972 0.0550182 0.0718176 1.22204 0.563648 0.0517454 0 25 -10 
0.294587 -4.20778 0 -3.02514 0.00936603 0.843117 0.660054 -0.1 0.702014 -0.736511 4.05112 -1.00556 2.90252 0.548655 -1.50727 -2.44665 0.234235 0.000327968 0.00127087 
75.2108 8000 0.0528504 0.0581689 0.0738004 1.22204 0.523991 0.051904 0 25 -10 
0.305395 -4.24359 0 -3.01591 0.00572462 0.834334 0.651892 -0.1 0.725212 -0.728105 4.0488 -0.997597 2.91597 0.55788 -1.46387 -2.42737 0.235859 0.000283734 0.00109946 
75.1998 8000 0.0563171 0.0612429 0.075735 1.22204 0.4853 0.0520588 0 25 -10 
0.315651 -4.27758 0 -3.00725 0.00227131 0.826005 0.644152 -0.1 0.747197 -0.720221 4.04661 -0.990097 2.92871 0.566531 -1.42278 -2.4091 0.237399 0.000245232 0.000950269 
75.189 8000 0.0596725 0.0642182 0.0776074 1.22204 0.447852 0.0522086 0 25 -10 
0.325325 -4.30966 0 -2.99916 -0.000984795 0.818152 0.636853 -0.1 0.767915 -0.71286 4.04456 -0.983068 2.94072 0.574607 -1.38407 -2.39189 0.23885 0.000211758 0.000820558 
75.1783 8000 0.0628963 0.0670768 0.0794064 1.22204 0.411872 0.0523525 0 25 -10 
0.334401 -4.33976 0 -2.99163 -0.00403857 0.810787 0.630008 -0.1 0.787337 -0.706015 4.04264 -0.97651 2.95197 0.582114 -1.34781 -2.37575 0.240212 0.000182689 0.000707915 
75.1679 8000 0.0659728 0.0698048 0.0811232 1.22204 0.377535 0.0524899 0 25 -10 
0.342874 -4.36787 0 -2.98465 -0.00688837 0.803913 0.62362 -0.1 0.805453 -0.699677 4.04086 -0.970418 2.96247 0.589066 -1.31399 -2.36069 0.241482 0.000157472 0.000610201 
75.1575 8000 0.0688906 0.0723921 0.0827514 1.22204 0.344971 0.0526201 0 25 -10 
0.350747 -4.39399 0 -2.97821 -0.00953547 0.797529 0.617687 -0.1 0.822275 -0.693829 4.03922 -0.964782 2.97221 0.595478 -1.28261 -2.34671 0.242662 0.000135626 0.00052553 
75.1474 8000 0.0716419 0.0748317 0.0842868 1.22204 0.314265 0.0527429 0 25 -10 
0.358032 -4.41817 0 -2.97229 -0.0119837 0.791625 0.612197 -0.1 0.837827 -0.68846 4.03771 -0.959591 2.98122 0.601366 -1.25361 -2.33379 0.243754 0.000117836 0.000452686 
75.1373 8000 0.0742223 0.0771198 0.0857267 1.22204 0.285465 0.0528581 0 25 -10 
0.364759 -4.4405 0 -2.96696 -0.0142389 0.786194 0.607118 -0.1 0.852154 -0.683611 4.03637 -0.954836 2.98953 0.606701 -1.22694 -2.32188 0.244762 0.000115049 0.000394781 
75.1274 8000 0.0766305 0.0792552 0.0870706 1.22204 0.258588 0.0529656 0 25 -10 
0.371003 -4.46122 0 -2.96248 -0.0163095 0.781244 0.602358 -0.1 0.865324 -0.679492 4.03537 -0.950537 2.99721 0.611311 -1.20257 -2.31094 0.2457 0.000169434 0.000367701 
75.1175 7999.99 0.0788675 0.0812387 0.0883189 1.22204 0.233622 0.0530655 0 25 -10 
0.376896 -4.48075 0 -2.95943 -0.0182055 0.776805 0.597745 -0.1 0.877432 -0.676544 4.03504 -0.946752 3.0044 0.614831 -1.18057 -2.30088 0.246587 0.000365635 0.000404633 
75.1078 7999.81 0.0809364 0.0830733 0.0894735 1.22204 0.210531 0.0531579 0 25 -10 
0.382613 -4.49965 0 -2.9586 -0.0199389 0.772924 0.593047 -0.1 0.888596 -0.675391 4.03585 -0.943564 3.01127 0.61674 -1.16102 -2.2916 0.247456 0.000821253 0.000552207 
75.0982 7998.5 0.0828422 0.0847632 0.0905369 1.22204 0.189261 0.053243 0 25 -10 
0.388349 -4.51855 0 -2.96089 -0.0215222 0.769656 0.588006 -0.1 0.898943 -0.676733 4.03832 -0.941073 3.018 0.616454 -1.14403 -2.283 0.248336 0.00166844 0.000863043 
75.0886 7993.49 0.0845909 0.0863138 0.0915128 1.22204 0.169745 0.053321 0 25 -10 
0.394295 -4.53804 0 -2.96717 -0.0229683 0.767052 0.58237 -0.1 0.9086 -0.68125 4.04296 -0.939373 3.02478 0.613408 -1.12972 -2.27498 0.249262 0.00303518 0.00138818 
75.0791 7980.6 0.0861897 0.0877315 0.092405 1.22204 0.1519 0.0533924 0 25 -10 
0.400618 -4.55868 0 -2.97818 -0.0242898 0.765152 0.57592 -0.1 0.917687 -0.689514 4.05019 -0.93854 3.03178 0.607122 -1.11815 -2.26743 0.25026 0.00503039 0.00217103 
75.0697 7954.7 0.0876466 0.0890234 0.093218 1.22204 0.13564 0.0534574 0 25 -10 
0.40745 -4.58087 0 -2.99445 -0.0254985 0.763978 0.56849 -0.1 0.926306 -0.701942 4.06033 -0.938626 3.03912 0.597252 -1.10934 -2.26026 0.251353 0.00773402 0.00324338 
75.0604 7910.42 0.0889699 0.0901967 0.0939564 1.22204 0.120872 0.0535165 0 25 -10 
0.414877 -4.6049 0 -3.01628 -0.0266054 0.763535 0.559975 -0.1 0.934544 -0.718765 4.07357 -0.93965 3.04689 0.583609 -1.10326 -2.25342 0.252554 0.0111922 0.00462343 
75.0511 7842.9 0.0901682 0.0912593 0.0946251 1.22204 0.107498 0.05357 0 25 -10 
0.422943 -4.63091 0 -3.04374 -0.0276204 0.763805 0.550332 -0.1 0.942469 -0.740024 4.08993 -0.941603 3.05514 0.566164 -1.0998 -2.24683 0.253871 0.0154165 0.00631546 
75.0419 7748.28 0.0912501 0.0922187 0.0952289 1.22204 0.0954226 0.0536183 0 25 -10 
0.431651 -4.65891 0 -3.07664 -0.0285524 0.764755 0.539577 -0.1 0.950128 -0.765586 4.10933 -0.944445 3.06388 0.545035 -1.09882 -2.24046 0.255303 0.0203863 0.00831082 
75.0327 7623.97 0.0922244 0.0930826 0.0957726 1.22204 0.0845488 0.0536618 0 25 -10 
0.440965 -4.6888 0 -3.11464 -0.0294092 0.766333 0.527777 -0.1 0.957556 -0.795166 4.13158 -0.948113 3.0731 0.520466 -1.10014 -2.23429 0.256844 0.0260533 0.0105897 
75.0236 7468.8 0.0930995 0.0938585 0.0962609 1.22204 0.0747825 0.0537009 0 25 -10 
0.450821 -4.72037 0 -3.15722 -0.0301976 0.768479 0.51504 -0.1 0.96477 -0.828359 4.15638 -0.952525 3.08273 0.492806 -1.10353 -2.2283 0.258482 0.0323468 0.0131232 
75.0145 7282.96 0.0938835 0.0945537 0.0966984 1.22204 0.0660323 0.0537359 0 25 -10 
0.461135 -4.75336 0 -3.20375 -0.0309235 0.771123 0.501503 -0.1 0.971779 -0.864669 4.18339 -0.957585 3.09271 0.462475 -1.10874 -2.22247 0.260203 0.0391798 0.0158761 
75.0054 7067.86 0.0945843 0.0951751 0.0970895 1.22204 0.0582109 0.0537672 0 25 -10 
0.471804 -4.78745 0 -3.25353 -0.0315921 0.774188 0.487325 -0.1 0.978579 -0.903546 4.2122 -0.963188 3.10295 0.429943 -1.11552 -2.21682 0.261989 0.046455 0.0188088 
74.9964 6825.91 0.0952093 0.0957293 0.0974382 1.22204 0.0512354 0.0537951 0 25 -10 
0.482721 -4.8223 0 -3.30582 -0.0322081 0.777599 0.472674 -0.1 0.985166 -0.944412 4.24241 -0.969226 3.11337 0.3957 -1.1236 -2.21135 0.26382 0.0540695 0.0218795 
74.9874 6560.32 0.0957655 0.0962226 0.0977486 1.22204 0.0450274 0.0538199 0 25 -10 
0.493775 -4.85755 0 -3.35989 -0.0327755 0.781278 0.457721 -0.1 0.991526 -0.986686 4.27359 -0.975591 3.12386 0.360241 -1.13273 -2.20606 0.265678 0.0619201 0.0250465 
74.9785 6274.84 0.0962596 0.0966606 0.0980243 1.22204 0.0395138 0.0538419 0 25 -10 
0.504855 -4.89288 0 -3.41502 -0.0332977 0.785154 0.442634 -0.1 0.997649 -1.02981 4.30535 -0.982179 3.13432 0.324043 -1.14267 -2.20097 0.267543 0.0699064 0.0282691 
74.9696 5973.55 0.0966975 0.0970489 0.0982687 1.22204 0.0346265 0.0538615 0 25 -10 
0.51586 -4.92794 0 -3.47055 -0.0337781 0.789157 0.427568 -0.1 1.00352 -1.07324 4.33729 -0.988894 3.14468 0.287556 -1.15318 -2.19609 0.269398 0.0779342 0.031509 
74.9607 5660.61 0.0970849 0.0973925 0.0984849 1.22204 0.0303023 0.0538788 0 25 -10 
0.526695 -4.96244 0 -3.52584 -0.0342195 0.793225 0.412667 -0.1 1.00913 -1.11651 4.36908 -0.995647 3.15485 0.251188 -1.16407 -2.19143 0.271227 0.0859174 0.0347315 
74.9518 5340.16 0.0974271 0.0976959 0.0986758 1.22204 0.0264833 0.0538941 0 25 -10 
0.537277 -4.99613 0 -3.58037 -0.0346245 0.797303 0.39806 -0.1 1.01447 -1.15919 4.40041 -1.00236 3.16475 0.215304 -1.17513 -2.18699 0.273015 0.0937794 0.0379054 
74.943 5016.14 0.0977288 0.0979634 0.0988442 1.22204 0.0231161 0.0539075 0 25 -10 
0.547535 -5.02878 0 -3.63365 -0.0349957 0.801342 0.383855 -0.1 1.01952 -1.2009 4.431 -1.00896 3.17433 0.180221 -1.18622 -2.18279 0.274749 0.101454 0.041004 
74.9341 4692.22 0.0979944 0.0981989 0.0989924 1.22204 0.0201522 0.0539194 0 25 -10 
0.557409 -5.06019 0 -3.68528 -0.0353353 0.8053 0.370145 -0.1 1.02429 -1.24132 4.46064 -1.01539 3.18354 0.146204 -1.19719 -2.17883 0.276419 0.108885 0.0440047 
74.9253 4371.68 0.0982278 0.0984059 0.0991226 1.22204 0.0175474 0.0539298 0 25 -10 
0.566851 -5.09023 0 -3.73495 -0.0356455 0.809145 0.357003 -0.1 1.02877 -1.28022 4.48913 -1.02161 3.19232 0.11347 -1.20792 -2.1751 0.278017 0.116028 0.0468891 
74.9165 4057.41 0.0984325 0.0985875 0.0992369 1.22204 0.0152617 0.053939 0 25 -10 
0.575825 -5.11877 0 -3.7824 -0.0359283 0.812847 0.344486 -0.1 1.03297 -1.31737 4.51634 -1.02757 3.20066 0.0821894 -1.21833 -2.17162 0.279537 0.122848 0.0496431 
74.9077 3751.87 0.098612 0.0987466 0.0993371 1.22204 0.0132589 0.053947 0 25 -10 
0.584307 -5.14574 0 -3.82745 -0.0361857 0.816385 0.332636 -0.1 1.03688 -1.35265 4.54217 -1.03325 3.20853 0.0524871 -1.22833 -2.16837 0.280975 0.129318 0.052256 
74.899 3457.12 0.098769 0.0988858 0.0994247 1.22204 0.0115065 0.053954 0 25 -10 
0.59228 -5.17109 0 -3.86996 -0.0364195 0.819745 0.321478 -0.1 1.04051 -1.38594 4.56653 -1.03862 3.21593 0.0244499 -1.23787 -2.16535 0.282326 0.13542 0.0547208 
74.8902 3174.77 0.0989062 0.0990075 0.0995012 1.22204 0.00997528 0.0539601 0 25 -10 
0.599739 -5.1948 0 -3.90985 -0.0366315 0.822915 0.311027 -0.1 1.04387 -1.41719 4.58939 -1.04368 3.22283 -0.0018712 -1.24691 -2.16256 0.283591 0.141146 0.0570332 
74.8815 2906.06 0.0990259 0.0991136 0.099568 1.22204 0.00863901 0.0539654 0 25 -10 
0.606684 -5.21687 0 -3.94711 -0.0368233 0.825888 0.301284 -0.1 1.04697 -1.44638 4.61073 -1.04842 3.22926 -0.0264559 -1.25541 -2.15998 0.284769 0.146491 0.0591921 
74.8727 2651.87 0.0991303 0.0992062 0.0996263 1.22204 0.00747437 0.0539701 0 25 -10 
0.613122 -5.23733 0 -3.98174 -0.0369965 0.828663 0.292242 -0.1 1.04981 -1.4735 4.63057 -1.05283 3.23521 -0.0493104 -1.26338 -2.15762 0.285861 0.151457 0.061198 
74.864 2412.75 0.0992211 0.0992867 0.099677 1.22204 0.00646055 0.0539742 0 25 -10 
0.619065 -5.25622 0 -4.01379 -0.0371527 0.83124 0.283887 -0.1 1.05242 -1.49861 4.64892 -1.05691 3.24071 -0.0704626 -1.27079 -2.15545 0.28687 0.156051 0.0630537 
74.8553 2188.98 0.0993001 0.0993567 0.099721 1.22204 0.00557905 0.0539777 0 25 -10 
0.624531 -5.27359 0 -4.04332 -0.0372931 0.833623 0.276197 -0.1 1.0548 -1.52175 4.66583 -1.06069 3.24575 -0.0899586 -1.27767 -2.15347 0.287798 0.160284 0.0647636 
74.8466 1980.57 0.0993687 0.0994176 0.0997593 1.22204 0.00481348 0.0539807 0 25 -10 
0.629539 -5.2895 0 -4.07043 -0.0374192 0.835816 0.269145 -0.1 1.05697 -1.54299 4.68136 -1.06415 3.25038 -0.107858 -1.28401 -2.15167 0.288648 0.164169 0.0663329 
74.8379 1787.34 0.0994282 0.0994703 0.0997925 1.22204 0.00414933 0.0539834 0 25 -10 
0.634112 -5.30403 0 -4.09523 -0.0375322 0.837827 0.262702 -0.1 1.05894 -1.56242 4.69555 -1.06733 3.2546 -0.124233 -1.28983 -2.15003 0.289424 0.167722 0.067768 
74.8292 1608.96 0.0994798 0.0995161 0.0998213 1.22204 0.00357376 0.0539857 0 25 -10 
0.638274 -5.31725 0 -4.11784 -0.0376334 0.839665 0.256834 -0.1 1.06072 -1.58013 4.70849 -1.07023 3.25843 -0.13916 -1.29516 -2.14855 0.290131 0.170959 0.0690759 
74.8205 1444.92 0.0995244 0.0995557 0.0998462 1.22204 0.00307549 0.0539877 0 25 -10 
0.64205 -5.32925 0 -4.13838 -0.0377236 0.841338 0.251506 -0.1 1.06233 -1.59622 4.72025 -1.07287 3.26191 -0.152724 -1.30002 -2.14722 0.290773 0.173901 0.0702642 
74.8119 1294.64 0.099563 0.0995899 0.0998678 1.22204 0.00264455 0.0539894 0 25 -10 
0.645466 -5.3401 0 -4.15698 -0.0378041 0.842857 0.246684 -0.1 1.06377 -1.6108 4.7309 -1.07526 3.26506 -0.165012 -1.30444 -2.14601 0.291353 0.176565 0.0713404 
74.8032 1157.45 0.0995964 0.0996195 0.0998864 1.22204 0.00227221 0.0539909 0 25 -10 
0.648548 -5.34989 0 -4.17379 -0.0378757 0.844231 0.242331 -0.1 1.06507 -1.62397 4.74051 -1.07742 3.2679 -0.176112 -1.30845 -2.14493 0.291877 0.178971 0.0723123 
74.7945 1032.61 0.0996252 0.099645 0.0999025 1.22204 0.00195081 0.0539922 0 25 -10 
0.651321 -5.35869 0 -4.18892 -0.0379393 0.845471 0.238413 -0.1 1.06624 -1.63583 4.74917 -1.07937 3.27045 -0.186111 -1.31206 -2.14396 0.292348 0.181138 0.0731876 
74.7859 919.375 0.09965 0.099667 0.0999163 1.22204 0.00167362 0.0539933 0 25 -10 
0.65381 -5.3666 0 -4.20252 -0.0379957 0.846586 0.234896 -0.1 1.06728 -1.64648 4.75695 -1.08112 3.27275 -0.195094 -1.31532 -2.1431 0.292771 0.183084 0.0739739 
74.7772 816.967 0.0996714 0.099686 0.0999283 1.22204 0.00143478 0.0539943 0 25 -10 
0.656039 -5.37368 0 -4.21471 -0.0380457 0.847587 0.231745 -0.1 1.06821 -1.65603 4.76393 -1.08269 3.2748 -0.203145 -1.31824 -2.14232 0.29315 0.184828 0.0746785 
74.7686 724.61 0.0996899 0.0997023 0.0999385 1.22204 0.00122916 0.0539951 0 25 -10 
0.658029 -5.38 0 -4.2256 -0.0380898 0.848482 0.228929 -0.1 1.06904 -1.66457 4.77016 -1.0841 3.27663 -0.210343 -1.32086 -2.14163 0.293488 0.186387 0.0753084 
74.7599 641.539 0.0997057 0.0997164 0.0999474 1.22204 0.00105228 0.0539958 0 25 -10 
0.659804 -5.38563 0 -4.23532 -0.0381288 0.849282 0.226419 -0.1 1.06978 -1.67219 4.77572 -1.08535 3.27826 -0.216765 -1.3232 -2.14102 0.29379 0.187778 0.0758702 
74.7513 567.009 0.0997193 0.0997285 0.099955 1.22204 0.000900248 0.0539964 0 25 -10 
0.661382 -5.39065 0 -4.24398 -0.0381632 0.849995 0.224185 -0.1 1.07043 -1.67897 4.78067 -1.08647 3.27971 -0.222481 -1.32529 -2.14048 0.294058 0.189016 0.0763703 
74.7426 500.303 0.099731 0.0997388 0.0999615 1.22204 0.000769679 0.0539969 0 25 -10 
0.662783 -5.3951 0 -4.25166 -0.0381934 0.850629 0.222201 -0.1 1.07101 -1.68499 4.78507 -1.08746 3.281 -0.227559 -1.32715 -2.14 0.294296 0.190115 0.0768145 
74.734 440.737 0.0997411 0.0997478 0.0999671 1.22204 0.000657628 0.0539974 0 25 -10 
0.664024 -5.39904 0 -4.25848 -0.03822 0.851192 0.220443 -0.1 1.07153 -1.69033 4.78896 -1.08834 3.28214 -0.232062 -1.3288 -2.13957 0.294507 0.19109 0.0772083 
74.7254 387.663 0.0997497 0.0997554 0.0999719 1.22204 0.00056154 0.0539978 0 25 -10 
0.665122 -5.40252 0 -4.26451 -0.0382433 0.85169 0.218888 -0.1 1.07198 -1.69505 4.79241 -1.08912 3.28315 -0.236046 -1.33026 -2.1392 0.294694 0.191952 0.0775567 
74.7167 340.471 0.0997571 0.0997619 0.099976 1.22204 0.000479201 0.0539981 0 25 -10 
0.666092 -5.4056 0 -4.26983 -0.0382638 0.85213 0.217515 -0.1 1.07237 -1.69923 4.79546 -1.08981 3.28404 -0.239566 -1.33156 -2.13886 0.294859 0.192714 0.0778645 
74.7081 298.594 0.0997634 0.0997675 0.0999796 1.22204 0.000408693 0.0539984 0 25 -10 
0.666946 -5.40831 0 -4.27453 -0.0382817 0.852519 0.216305 -0.1 1.07272 -1.70291 4.79815 -1.09042 3.28483 -0.24267 -1.3327 -2.13857 0.295004 0.193386 0.0781359 
74.6995 261.504 0.0997688 0.0997723 0.0999826 1.22204 0.000348357 0.0539986 0 25 -10 
0.667698 -5.4107 0 -4.27866 -0.0382973 0.852862 0.215239 -0.1 1.07303 -1.70615 4.80051 -1.09095 3.28552 -0.245402 -1.33371 -2.13832 0.295132 0.193977 0.0783748 
74.6909 228.714 0.0997734 0.0997764 0.0999852 1.22204 0.00029676 0.0539988 0 25 -10 
0.668358 -5.4128 0 -4.2823 -0.038311 0.853163 0.214303 -0.1 1.0733 -1.709 4.80259 -1.09142 3.28612 -0.247804 -1.33459 -2.13809 0.295244 0.194497 0.0785847 
74.6822 199.776 0.0997774 0.0997799 0.0999874 1.22204 0.000252666 0.053999 0 25 -10 
0.668937 -5.41464 0 -4.28549 -0.0383229 0.853427 0.213482 -0.1 1.07354 -1.7115 4.80441 -1.09184 3.28665 -0.249912 -1.33537 -2.1379 0.295343 0.194953 0.078769 
74.6736 174.281 0.0997807 0.0997829 0.0999892 1.22204 0.000215008 0.0539991 0 25 -10 
0.669445 -5.41625 0 -4.28828 -0.0383333 0.853659 0.212762 -0.1 1.07374 -1.71369 4.80601 -1.0922 3.28712 -0.25176 -1.33605 -2.13773 0.295429 0.195353 0.0789305 
74.665 151.855 0.0997836 0.0997855 0.0999909 1.22204 0.000182866 0.0539993 0 25 -10 
0.669889 -5.41766 0 -4.29073 -0.0383423 0.853862 0.212132 -0.1 1.07393 -1.7156 4.80741 -1.09251 3.28753 -0.253376 -1.33665 -2.13758 0.295505 0.195703 0.0790718 
74.6564 132.159 0.0997861 0.0997876 0.0999922 1.22204 0.000155448 0.0539994 0 25 -10 
0.670277 -5.41889 0 -4.29287 -0.0383502 0.85404 0.211582 -0.1 1.07408 -1.71728 4.80863 -1.09279 3.28788 -0.254789 -1.33717 -2.13745 0.295571 0.196008 0.0791953 
74.6478 114.887 0.0997882 0.0997895 0.0999934 1.22204 0.000132074 0.0539995 0 25 -10 
0.670615 -5.41996 0 -4.29473 -0.038357 0.854195 0.211102 -0.1 1.07422 -1.71874 4.8097 -1.09303 3.2882 -0.256022 -1.33763 -2.13733 0.295628 0.196275 0.079303 
74.6392 99.763 0.09979 0.0997911 0.0999944 1.22204 0.00011216 0.0539996 0 25 -10 
0.67091 -5.4209 0 -4.29636 -0.0383629 0.85433 0.210684 -0.1 1.07434 -1.72002 4.81063 -1.09324 3.28847 -0.257097 -1.33803 -2.13723 0.295678 0.196507 0.079397 
74.6306 86.5373 0.0997915 0.0997924 0.0999952 1.22204 9.52022e-05 0.0539996 0 25 -10 
0.671166 -5.42171 0 -4.29777 -0.0383681 0.854448 0.21032 -0.1 1.07444 -1.72113 4.81144 -1.09343 3.2887 -0.258033 -1.33838 -2.13715 0.295722 0.19671 0.0794787 
74.622 74.9873 0.0997928 0.0997936 0.099996 1.22204 8.07701e-05 0.0539997 0 25 -10 
0.67139 -5.42242 0 -4.299 -0.0383725 0.85455 0.210003 -0.1 1.07453 -1.72209 4.81214 -1.09359 3.28891 -0.258847 -1.33868 -2.13707 0.29576 0.196886 0.0795498 
74.6133 64.9137 0.0997939 0.0997946 0.0999966 1.22204 6.8494e-05 0.0539997 0 25 -10 
0.671583 -5.42304 0 -4.30007 -0.0383764 0.854639 0.209728 -0.1 1.07461 -1.72293 4.81275 -1.09373 3.28908 -0.259553 -1.33894 -2.13701 0.295793 0.197039 0.0796116 
74.6047 56.1387 0.0997948 0.0997954 0.0999971 1.22204 5.80575e-05 0.0539998 0 25 -10 
0.671751 -5.42357 0 -4.301 -0.0383797 0.854716 0.20949 -0.1 1.07468 -1.72366 4.81328 -1.09385 3.28924 -0.260167 -1.33917 -2.13695 0.295822 0.197171 0.0796652 
74.5961 48.504 0.0997956 0.0997961 0.0999975 1.22204 4.91892e-05 0.0539998 0 25 -10 
0.671897 -5.42403 0 -4.30181 -0.0383825 0.854783 0.209283 -0.1 1.07474 -1.72429 4.81374 -1.09395 3.28937 -0.260698 -1.33937 -2.1369 0.295846 0.197286 0.0797116 
74.5875 41.8692 0.0997963 0.0997967 0.0999979 1.22204 4.16575e-05 0.0539998 0 25 -10 
0.672023 -5.42443 0 -4.3025 -0.038385 0.854841 0.209104 -0.1 1.07479 -1.72483 4.81414 -1.09404 3.28949 -0.261158 -1.33954 -2.13686 0.295868 0.197386 0.0797518 
74.5789 36.1097 0.0997968 0.0997972 0.0999982 1.22204 3.5264e-05 0.0539999 0 25 -10 
0.672132 -5.42478 0 -4.3031 -0.0383872 0.854891 0.208949 -0.1 1.07483 -1.7253 4.81449 -1.09412 3.28959 -0.261556 -1.33969 -2.13682 0.295886 0.197472 0.0797866 
74.5703 31.1156 0.0997973 0.0997976 0.0999985 1.22204 2.98392e-05 0.0539999 0 25 -10 
0.672226 -5.42508 0 -4.30362 -0.038389 0.854935 0.208816 -0.1 1.07487 -1.72571 4.81478 -1.09419 3.28967 -0.2619 -1.33982 -2.13679 0.295902 0.197546 0.0798166 
74.5617 26.7896 0.0997977 0.099798 0.0999987 1.22204 2.52387e-05 0.0539999 0 25 -10 
0.672307 -5.42534 0 -4.30407 -0.0383906 0.854972 0.2087 -0.1 1.0749 -1.72606 4.81504 -1.09425 3.28975 -0.262197 -1.33993 -2.13676 0.295916 0.19761 0.0798425 
74.5531 23.0461 0.0997981 0.0997983 0.0999989 1.22204 2.13388e-05 0.0539999 0 25 -10 
0.672377 -5.42556 0 -4.30446 -0.0383919 0.855005 0.208601 -0.1 1.07493 -1.72637 4.81526 -1.0943 3.28981 -0.262453 -1.34002 -2.13674 0.295928 0.197666 0.0798649 
74.5445 19.81 0.0997984 0.0997986 0.0999991 1.22204 1.80345e-05 0.0539999 0 25 -10 
0.672438 -5.42575 0 -4.30479 -0.0383931 0.855032 0.208515 -0.1 1.07496 -1.72663 4.81545 -1.09434 3.28987 -0.262674 -1.3401 -2.13672 0.295938 0.197713 0.0798842 
74.536 17.0151 0.0997986 0.0997988 0.0999992 1.22204 1.52359e-05 0.0539999 0 25 -10 
0.67249 -5.42591 0 -4.30508 -0.0383941 0.855056 0.208441 -0.1 1.07498 -1.72685 4.81562 -1.09438 3.28992 -0.262864 -1.34017 -2.1367 0.295947 0.197754 0.0799008 
74.5274 14.6034 0.0997988 0.099799 0.0999994 1.22204 1.28668e-05 0.0539999 0 25 -10 
0.672534 -5.42606 0 -4.30533 -0.038395 0.855077 0.208378 -0.1 1.07499 -1.72705 4.81576 -1.09441 3.28996 -0.263027 -1.34024 -2.13669 0.295955 0.19779 0.0799151 
74.5188 12.5244 0.099799 0.0997991 0.0999995 1.22204 1.0862e-05 0.054 0 25 -10 
0.672573 -5.42618 0 -4.30554 -0.0383957 0.855095 0.208323 -0.1 1.07501 -1.72721 4.81588 -1.09444 3.28999 -0.263168 -1.34029 -2.13668 0.295961 0.19782 0.0799273 
