# The first two lines (below the comment lines) indicate the name of the vocal fold model and the number of states.
# The following lines contain the control parameters of the vocal folds and the vocal tract (states)
# in steps of 110 audio samples (corresponding to about 2.5 ms for the sampling rate of 44100 Hz).
# For every step, there is one line with the vocal fold parameters followed by
# one line with the vocal tract parameters.
#
Geometric glottis
309
113.636 0 0.0998 0.0998 0.1 1.22204 0 0.054 0 25 -10 
0.1076 -3.5838 0 -3.1552 0.0718 0.9937 0.8 -0.1 0.3087 -0.8529 4.0864 -1.126 2.6755 0.4215 -2.2342 -2.7735 0.2064 0 0 
113.636 0.125994 0.0998 0.0998 0.1 1.22204 0 0.054 0 25 -10 
0.1076 -3.5838 0 -3.1552 0.0718 0.9937 0.8 -0.1 0.3087 -0.8529 4.0864 -1.126 2.6755 0.4215 -2.2342 -2.7735 0.2064 0 0 
113.636 11.2398 0.0998 0.0998 0.1 1.22204 0 0.054 0 25 -10 
0.1076 -3.5838 0 -3.1552 0.0718 0.9937 0.8 -0.1 0.3087 -0.8529 4.0864 -1.126 2.6755 0.4215 -2.2342 -2.7735 0.2064 0 0 
113.636 84.8008 0.0998 0.0998 0.1 1.22204 0 0.054 0 25 -10 
0.1076 -3.5838 0 -3.1552 0.0718 0.9937 0.8 -0.1 0.3087 -0.8529 4.0864 -1.126 2.6755 0.4215 -2.2342 -2.7735 0.2064 0 0 
113.636 289.385 0.0998 0.0998 0.1 1.22204 0 0.054 0 25 -10 
0.1076 -3.5838 0 -3.1552 0.0718 0.9937 0.8 -0.1 0.3087 -0.8529 4.0864 -1.126 2.6755 0.4215 -2.2342 -2.7735 0.2064 0 0 
113.636 665.712 0.0998 0.0998 0.1 1.22204 0 0.054 0 25 -10 
0.1076 -3.5838 0 -3.1552 0.0718 0.9937 0.8 -0.1 0.3087 -0.8529 4.0864 -1.126 2.6755 0.4215 -2.2342 -2.7735 0.2064 0 0 
113.636 1211.13 0.0998 0.0998 0.1 1.22204 0 0.054 0 25 -10 
0.1076 -3.5838 0 -3.1552 0.0718 0.9937 0.8 -0.1 0.3087 -0.8529 4.0864 -1.126 2.6755 0.4215 -2.2342 -2.7735 0.2064 0 0 
113.636 1888.47 0.0998 0.0998 0.1 1.22204 0 0.054 0 25 -10 
0.1076 -3.5838 0 -3.1552 0.0718 0.9937 0.8 -0.1 0.3087 -0.8529 4.0864 -1.126 2.6755 0.4215 -2.2342 -2.7735 0.2064 0 0 
113.636 2643.5 0.0998 0.0998 0.1 1.22204 0 0.054 0 25 -10 
0.1076 -3.5838 0 -3.1552 0.0718 0.9937 0.8 -0.1 0.3087 -0.8529 4.0864 -1.126 2.6755 0.4215 -2.2342 -2.7735 0.2064 0 0 
113.636 3420.59 0.0998 0.0998 0.1 1.22204 0 0.054 0 25 -10 
0.1076 -3.5838 0 -3.1552 0.0718 0.9937 0.8 -0.1 0.3087 -0.8529 4.0864 -1.126 2.6755 0.4215 -2.2342 -2.7735 0.2064 0 0 
113.636 4172.85 0.0998 0.0998 0.1 1.22204 0 0.054 0 25 -10 
0.1076 -3.5838 0 -3.1552 0.0718 0.9937 0.8 -0.1 0.3087 -0.8529 4.0864 -1.126 2.6755 0.4215 -2.2342 -2.7735 0.2064 0 0 
113.636 4866.55 0.0998 0.0998 0.1 1.22204 0 0.054 0 25 -10 
0.1076 -3.5838 0 -3.1552 0.0718 0.9937 0.8 -0.1 0.3087 -0.8529 4.0864 -1.126 2.6755 0.4215 -2.2342 -2.7735 0.2064 0 0 
113.636 5481.53 0.0998 0.0998 0.1 1.22204 0 0.054 0 25 -10 
0.1076 -3.5838 0 -3.1552 0.0718 0.9937 0.8 -0.1 0.3087 -0.852903 4.0864 -1.126 2.6755 0.421497 -2.2342 -2.7735 0.2064 1.02743e-07 3.9813e-07 
113.636 6009.25 0.0998 0.0998 0.1 1.22204 0 0.054 0 25 -10 
0.107604 -3.58383 0 -3.15527 0.0718 0.9937 0.8 -0.1 0.308689 -0.852971 4.08641 -1.12604 2.67549 0.421421 -2.23424 -2.77351 0.2064 2.76412e-06 1.0711e-05 
113.636 6449.82 0.0998 0.0998 0.1 1.22204 0 0.054 0 25 -10 
0.107627 -3.58396 0 -3.15566 0.0718 0.9937 0.8 -0.1 0.308628 -0.853352 4.08647 -1.12626 2.67544 0.420994 -2.23448 -2.77356 0.2064 1.77136e-05 6.86402e-05 
113.636 6809.12 0.0998 0.0998 0.1 1.22204 0 0.054 0 25 -10 
0.107697 -3.58438 0 -3.15683 0.0718 0.9937 0.8 -0.1 0.308443 -0.854511 4.08666 -1.12693 2.67529 0.419698 -2.23519 -2.77371 0.2064 6.31012e-05 0.000244517 
113.637 7096.29 0.0998 0.0998 0.1 1.22204 0 0.054 0 25 -10 
0.107851 -3.58531 0 -3.15942 0.0718 0.9937 0.8 -0.1 0.308037 -0.85706 4.08708 -1.12841 2.67496 0.416848 -2.23676 -2.77405 0.2064 0.000162933 0.000631365 
113.638 7321.8 0.0998 0.0998 0.1 1.22204 0 0.054 0 25 -10 
0.108128 -3.58698 0 -3.16409 0.0718 0.9937 0.8 -0.1 0.307303 -0.861665 4.08784 -1.13108 2.67437 0.411697 -2.23959 -2.77466 0.2064 0.000343289 0.00133025 
113.64 7496.17 0.0998 0.0998 0.1 1.22204 0 0.054 0 25 -10 
0.108568 -3.58962 0 -3.17149 0.0718 0.9937 0.8 -0.1 0.306141 -0.868953 4.08904 -1.1353 2.67343 0.403546 -2.24407 -2.77563 0.2064 0.000628756 0.00243643 
113.644 7629.15 0.0998 0.0998 0.1 1.22204 0 0.054 0 25 -10 
0.1092 -3.59342 0 -3.18213 0.0718 0.9937 0.8 -0.1 0.304468 -0.879445 4.09076 -1.14138 2.67207 0.391812 -2.25052 -2.77702 0.2064 0.00103969 0.00402881 
113.652 7729.34 0.0998 0.0998 0.1 1.22204 0 0.054 0 25 -10 
0.110048 -3.59852 0 -3.1964 0.0718 0.9937 0.8 -0.1 0.302226 -0.893508 4.09307 -1.14953 2.67025 0.376083 -2.25917 -2.77888 0.2064 0.00159052 0.00616327 
113.664 7804 0.0998 0.0998 0.1 1.22204 0 0.054 0 25 -10 
0.111123 -3.60498 0 -3.21449 0.0718 0.9937 0.8 -0.1 0.299383 -0.91134 4.096 -1.15986 2.66795 0.35614 -2.27014 -2.78124 0.2064 0.00228896 0.00886971 
113.681 7859.07 0.0998 0.0998 0.1 1.22204 0 0.054 0 25 -10 
0.112427 -3.61282 0 -3.23643 0.0718 0.9937 0.8 -0.1 0.295935 -0.932967 4.09955 -1.17239 2.66515 0.331952 -2.28344 -2.78411 0.2064 0.00313603 0.0121521 
113.705 7899.35 0.0998 0.0998 0.1 1.22204 0 0.054 0 25 -10 
0.113951 -3.62199 0 -3.26208 0.0718 0.9937 0.8 -0.1 0.291903 -0.958257 4.1037 -1.18704 2.66188 0.303666 -2.29899 -2.78746 0.2064 0.00412661 0.0159906 
113.735 7928.55 0.0998 0.0998 0.1 1.22204 0 0.054 0 25 -10 
0.115681 -3.63239 0 -3.29119 0.0718 0.9937 0.8 -0.1 0.287329 -0.986949 4.10841 -1.20366 2.65818 0.271577 -2.31663 -2.79126 0.2064 0.00525038 0.0203452 
113.773 7949.57 0.0998 0.0998 0.1 1.22204 0 0.054 0 25 -10 
0.117593 -3.64389 0 -3.32337 0.0718 0.9937 0.8 -0.1 0.282272 -1.01867 4.11362 -1.22204 2.65408 0.236097 -2.33614 -2.79546 0.2064 0.0064929 0.02516 
113.82 7964.6 0.0998 0.0998 0.1 1.22204 0 0.054 0 25 -10 
0.119661 -3.65633 0 -3.35818 0.0718 0.9937 0.8 -0.1 0.276802 -1.05298 4.11926 -1.24192 2.64964 0.197723 -2.35724 -2.80001 0.2064 0.00783679 0.0303676 
113.876 7975.27 0.0998 0.0998 0.1 1.22204 0 0.054 0 25 -10 
0.121856 -3.66953 0 -3.39512 0.0718 0.9937 0.8 -0.1 0.270997 -1.08939 4.12524 -1.26301 2.64494 0.157003 -2.37963 -2.80483 0.2064 0.00926282 0.0358934 
113.942 7982.8 0.0998 0.0998 0.1 1.22204 0 0.054 0 25 -10 
0.124146 -3.6833 0 -3.43366 0.0718 0.9937 0.8 -0.1 0.26494 -1.12739 4.13148 -1.28502 2.64003 0.11451 -2.403 -2.80987 0.2064 0.0107509 0.0416599 
114.016 7988.09 0.0998 0.0998 0.1 1.22204 0 0.054 0 25 -10 
0.126501 -3.69746 0 -3.47329 0.0718 0.9937 0.8 -0.1 0.258712 -1.16645 4.13789 -1.30766 2.63498 0.0708157 -2.42702 -2.81504 0.2064 0.0122811 0.0475894 
114.1 7991.79 0.0998 0.0998 0.1 1.22204 0 0.054 0 25 -10 
0.128892 -3.71184 0 -3.51352 0.0718 0.9937 0.8 -0.1 0.252391 -1.2061 4.1444 -1.33063 2.62985 0.0264711 -2.4514 -2.8203 0.2064 0.0138341 0.0536072 
114.194 7994.36 0.0998 0.0998 0.1 1.22204 0 0.054 0 25 -10 
0.131289 -3.72625 0 -3.55386 0.0718 0.9937 0.8 -0.1 0.24605 -1.24587 4.15093 -1.35367 2.62471 -0.0180088 -2.47586 -2.82557 0.2064 0.0153918 0.0596433 
114.296 7996.14 0.0998 0.0998 0.1 1.22204 0 0.054 0 25 -10 
0.133668 -3.74056 0 -3.59391 0.0718 0.9937 0.8 -0.1 0.239757 -1.28535 4.15742 -1.37654 2.61961 -0.0621563 -2.50013 -2.8308 0.2064 0.0169379 0.0656343 
114.406 7997.37 0.0998 0.0998 0.1 1.22204 0 0.054 0 25 -10 
0.136008 -3.75463 0 -3.63328 0.0718 0.9937 0.8 -0.1 0.233571 -1.32415 4.16379 -1.39902 2.6146 -0.105557 -2.524 -2.83594 0.2064 0.0184578 0.0715241 
114.524 7998.21 0.0998 0.0998 0.1 1.22204 7.48269e-09 0.054 0 25 -10 
0.138288 -3.76834 0 -3.67164 0.0718 0.9937 0.8 -0.1 0.227541 -1.36197 4.17 -1.42093 2.60971 -0.147856 -2.54725 -2.84095 0.2064 0.0199391 0.0772642 
114.649 7998.79 0.0997992 0.0997993 0.0999995 1.22204 9.07315e-06 0.054 0 25 -10 
0.140492 -3.7816 0 -3.70874 0.0718 0.9937 0.8 -0.1 0.221712 -1.39854 4.176 -1.44212 2.60499 -0.188755 -2.56974 -2.8458 0.2064 0.0213714 0.0828143 
114.781 7999.18 0.0997882 0.0997895 0.0999934 1.22204 0.000131931 0.0539995 0 25 -10 
0.142608 -3.79432 0 -3.74435 0.0718 0.9937 0.8 -0.1 0.216115 -1.43364 4.18177 -1.46246 2.60045 -0.228014 -2.59133 -2.85045 0.2064 0.0227463 0.0881419 
114.918 7999.45 0.099739 0.0997459 0.099966 1.22204 0.000680314 0.0539973 0 25 -10 
0.144626 -3.80645 0 -3.77831 0.0718 0.9937 0.8 -0.1 0.210779 -1.46711 4.18727 -1.48185 2.59612 -0.265448 -2.61191 -2.85488 0.2064 0.0240573 0.0932219 
115.061 7999.63 0.0996054 0.0996274 0.0998914 1.22204 0.00217217 0.0539913 0 25 -10 
0.146538 -3.81795 0 -3.81049 0.0718 0.9937 0.8 -0.1 0.205723 -1.49883 4.19247 -1.50022 2.59202 -0.300922 -2.63142 -2.85908 0.2064 0.0252996 0.0980359 
115.207 7999.75 0.0993293 0.0993826 0.0997373 1.22204 0.00525348 0.053979 0 25 -10 
0.148339 -3.82879 0 -3.84081 0.0718 0.9937 0.8 -0.1 0.200958 -1.52872 4.19738 -1.51754 2.58816 -0.334348 -2.6498 -2.86304 0.2064 0.0264702 0.102572 
115.357 7999.83 0.0988503 0.0989579 0.09947 1.22204 0.0105995 0.0539576 0 25 -10 
0.150028 -3.83894 0 -3.86922 0.0718 0.9937 0.8 -0.1 0.196492 -1.55673 4.20198 -1.53377 2.58454 -0.365677 -2.66702 -2.86676 0.2064 0.0275674 0.106824 
115.509 7999.89 0.0981131 0.0983042 0.0990587 1.22204 0.0188267 0.0539247 0 25 -10 
0.151603 -3.84841 0 -3.89573 0.0718 0.9937 0.8 -0.1 0.192327 -1.58285 4.20627 -1.5489 2.58117 -0.394897 -2.68309 -2.87022 0.2064 0.0285906 0.110789 
115.663 7999.93 0.0970736 0.0973825 0.0984786 1.22204 0.0304285 0.0538783 0 25 -10 
0.153065 -3.8572 0 -3.92033 0.0718 0.9937 0.8 -0.1 0.18846 -1.60711 4.21026 -1.56296 2.57803 -0.422023 -2.698 -2.87343 0.2064 0.0295406 0.11447 
115.818 7999.95 0.095702 0.0961662 0.0977132 1.22204 0.0457368 0.0538171 0 25 -10 
0.154416 -3.86533 0 -3.94308 0.0718 0.9937 0.8 -0.1 0.184886 -1.62953 4.21394 -1.57594 2.57513 -0.447098 -2.71179 -2.8764 0.2064 0.0304188 0.117873 
115.974 7999.97 0.0939842 0.0946431 0.0967546 1.22204 0.064908 0.0537404 0 25 -10 
0.155661 -3.87281 0 -3.96402 0.0718 0.9937 0.8 -0.1 0.181595 -1.65017 4.21733 -1.5879 2.57247 -0.470184 -2.72448 -2.87914 0.2064 0.0312272 0.121006 
116.128 7999.98 0.0919218 0.0928142 0.0956037 1.22204 0.0879269 0.0536483 0 25 -10 
0.156802 -3.87968 0 -3.98322 0.0718 0.9937 0.8 -0.1 0.178577 -1.6691 4.22044 -1.59887 2.57002 -0.491357 -2.73613 -2.88164 0.2064 0.0319687 0.123879 
116.282 7999.99 0.0895297 0.0906931 0.0942688 1.22204 0.114624 0.0535415 0 25 -10 
0.157845 -3.88595 0 -4.00077 0.0718 0.9937 0.8 -0.1 0.175819 -1.6864 4.22328 -1.60889 2.56778 -0.510707 -2.74676 -2.88394 0.2064 0.0326464 0.126505 
116.434 7999.99 0.0868348 0.0883035 0.092765 1.22204 0.144701 0.0534212 0 25 -10 
0.158795 -3.89166 0 -4.01676 0.0718 0.9937 0.8 -0.1 0.173307 -1.70216 4.22586 -1.61802 2.56575 -0.528331 -2.75646 -2.88602 0.2064 0.0332636 0.128896 
116.584 7999.99 0.0838727 0.0856769 0.091112 1.22204 0.17776 0.053289 0 25 -10 
0.159657 -3.89685 0 -4.03128 0.0718 0.9937 0.8 -0.1 0.171026 -1.71647 4.22821 -1.62631 2.5639 -0.544332 -2.76525 -2.88792 0.2064 0.0338239 0.131068 
116.731 8000 0.0806851 0.0828505 0.0893332 1.22204 0.213336 0.0531467 0 25 -10 
0.160438 -3.90154 0 -4.04441 0.0718 0.9937 0.8 -0.1 0.168961 -1.72942 4.23034 -1.63382 2.56222 -0.558817 -2.77322 -2.88964 0.2064 0.0343312 0.133033 
116.876 8000 0.0773177 0.0798645 0.087454 1.22204 0.250919 0.0529963 0 25 -10 
0.161143 -3.90578 0 -4.05627 0.0718 0.9937 0.8 -0.1 0.167098 -1.74111 4.23226 -1.64059 2.56071 -0.571891 -2.78041 -2.89118 0.2064 0.0347891 0.134808 
117.016 8000 0.0738172 0.0767606 0.0855007 1.22204 0.289987 0.0528401 0 25 -10 
0.161777 -3.90959 0 -4.06695 0.0718 0.9937 0.8 -0.1 0.16542 -1.75163 4.23399 -1.64668 2.55935 -0.58366 -2.78688 -2.89258 0.2064 0.0352012 0.136405 
117.153 8000 0.0702301 0.0735798 0.0834989 1.22204 0.330021 0.0526799 0 25 -10 
0.162346 -3.91302 0 -4.07653 0.0718 0.9937 0.8 -0.1 0.163914 -1.76108 4.23554 -1.65216 2.55813 -0.594227 -2.79269 -2.89383 0.2064 0.0355713 0.137839 
117.286 8000 0.0666008 0.0703616 0.0814736 1.22204 0.370527 0.0525179 0 25 -10 
0.162857 -3.91609 0 -4.08512 0.0718 0.9937 0.8 -0.1 0.162565 -1.76954 4.23693 -1.65706 2.55704 -0.603692 -2.79789 -2.89495 0.2064 0.0359028 0.139123 
117.415 8000 0.0629703 0.0671424 0.0794477 1.22204 0.411045 0.0523558 0 25 -10 
0.163312 -3.91883 0 -4.09279 0.0718 0.9937 0.8 -0.1 0.161359 -1.7771 4.23817 -1.66144 2.55606 -0.612148 -2.80254 -2.89595 0.2064 0.0361989 0.140271 
117.538 8000 0.0593759 0.0639552 0.0774419 1.22204 0.451161 0.0521954 0 25 -10 
0.163716 -3.92126 0 -4.09958 0.0718 0.9937 0.8 -0.1 0.160292 -1.7838 4.23927 -1.66532 2.5552 -0.619636 -2.80666 -2.89684 0.2064 0.0364611 0.141287 
117.658 8000 0.0558503 0.0608289 0.0754745 1.22204 0.49051 0.052038 0 25 -10 
0.164059 -3.92332 0 -4.10536 0.0718 0.9937 0.8 -0.1 0.159383 -1.7895 4.24021 -1.66862 2.55446 -0.626009 -2.81016 -2.8976 0.2064 0.0366843 0.142152 
117.772 8000 0.0524211 0.0577883 0.0735609 1.22204 0.528782 0.0518849 0 25 -10 
0.164322 -3.9249 0 -4.10978 0.0718 0.9937 0.8 -0.1 0.15869 -1.79385 4.24092 -1.67114 2.5539 -0.630875 -2.81284 -2.89817 0.2064 0.0368547 0.142812 
117.882 8000 0.0491117 0.0548537 0.0717141 1.22204 0.565717 0.0517371 0 25 -10 
0.164471 -3.9258 0 -4.1123 0.0718 0.9937 0.8 -0.1 0.158294 -1.79633 4.24133 -1.67258 2.55358 -0.633654 -2.81437 -2.8985 0.2064 0.036952 0.143189 
117.987 8000 0.0459404 0.0520417 0.0699444 1.22204 0.601111 0.0515956 0 25 -10 
0.164473 -3.92581 0 -4.11232 0.0718 0.9937 0.8 -0.1 0.158291 -1.79635 4.24133 -1.67259 2.55357 -0.633676 -2.81438 -2.8985 0.2064 0.0369528 0.143192 
118.087 8000 0.0429213 0.0493646 0.0682597 1.22204 0.634807 0.0514608 0 25 -10 
0.16429 -3.92471 0 -4.10925 0.0718 0.9937 0.8 -0.1 0.158773 -1.79332 4.24084 -1.67084 2.55397 -0.630291 -2.81252 -2.8981 0.2064 0.0368343 0.142733 
118.182 8000 0.0400644 0.0468313 0.0666654 1.22204 0.666692 0.0513332 0 25 -10 
0.163894 -3.92233 0 -4.10258 0.0718 0.9937 0.8 -0.1 0.15982 -1.78676 4.23976 -1.66704 2.55481 -0.622947 -2.80848 -2.89723 0.2064 0.0365771 0.141736 
118.273 8000 0.0373761 0.0444476 0.0651653 1.22204 0.696695 0.0512132 0 25 -10 
0.163264 -3.91854 0 -4.09197 0.0718 0.9937 0.8 -0.1 0.161487 -1.7763 4.23804 -1.66098 2.55617 -0.61125 -2.80205 -2.89585 0.2064 0.0361674 0.140149 
118.358 8000 0.0348597 0.0422162 0.063761 1.22204 0.72478 0.0511009 0 25 -10 
0.162387 -3.91327 0 -4.07722 0.0718 0.9937 0.8 -0.1 0.163806 -1.76176 4.23565 -1.65255 2.55805 -0.594986 -2.79311 -2.89392 0.2064 0.0355979 0.137942 
118.439 8000 0.0325154 0.0401375 0.0624528 1.22204 0.750944 0.0509962 0 25 -10 
0.161263 -3.90651 0 -4.05831 0.0718 0.9937 0.8 -0.1 0.166778 -1.74311 4.23259 -1.64175 2.56046 -0.574132 -2.78164 -2.89145 0.2064 0.0348676 0.135112 
118.515 8000 0.0303415 0.0382098 0.0612397 1.22204 0.775207 0.0508992 0 25 -10 
0.1599 -3.89831 0 -4.03536 0.0718 0.9937 0.8 -0.1 0.170384 -1.7205 4.22888 -1.62865 2.56338 -0.548838 -2.76773 -2.88845 0.2064 0.0339817 0.131679 
118.587 8000 0.028334 0.0364298 0.0601194 1.22204 0.797612 0.0508096 0 25 -10 
0.158314 -3.88877 0 -4.00866 0.0718 0.9937 0.8 -0.1 0.174579 -1.69418 4.22455 -1.6134 2.56678 -0.519403 -2.75155 -2.88497 0.2064 0.0329509 0.127685 
118.655 8000 0.0264876 0.0347925 0.0590891 1.22204 0.818219 0.0507271 0 25 -10 
0.156527 -3.87802 0 -3.97859 0.0718 0.9937 0.8 -0.1 0.179305 -1.66454 4.21969 -1.59623 2.57061 -0.48625 -2.73332 -2.88104 0.2064 0.0317899 0.123186 
118.718 8000 0.0247957 0.0332923 0.0581449 1.22204 0.837102 0.0506516 0 25 -10 
0.154567 -3.86624 0 -3.94561 0.0718 0.9937 0.8 -0.1 0.184488 -1.63202 4.21435 -1.57739 2.57481 -0.449888 -2.71332 -2.87673 0.2064 0.0305165 0.118251 
118.778 8000 0.0232508 0.0319223 0.0572828 1.22204 0.854344 0.0505826 0 25 -10 
0.152464 -3.85359 0 -3.91023 0.0718 0.9937 0.8 -0.1 0.190049 -1.59715 4.20862 -1.55718 2.57932 -0.41088 -2.69188 -2.87211 0.2064 0.0291504 0.112958 
118.833 8000 0.0218448 0.0306756 0.0564982 1.22204 0.870036 0.0505199 0 25 -10 
0.150251 -3.84028 0 -3.87298 0.0718 0.9937 0.8 -0.1 0.195902 -1.56043 4.20259 -1.53591 2.58406 -0.369819 -2.6693 -2.86725 0.2064 0.0277124 0.107386 
118.885 8000 0.0205692 0.0295445 0.0557864 1.22204 0.884273 0.0504629 0 25 -10 
0.147959 -3.8265 0 -3.83441 0.0718 0.9937 0.8 -0.1 0.201963 -1.52241 4.19635 -1.51389 2.58898 -0.327297 -2.64592 -2.86221 0.2064 0.0262232 0.101615 
118.933 8000 0.0194154 0.0285214 0.0551425 1.22204 0.89715 0.0504114 0 25 -10 
0.145619 -3.81243 0 -3.79503 0.0718 0.9937 0.8 -0.1 0.208151 -1.4836 4.18997 -1.4914 2.59399 -0.283887 -2.62205 -2.85707 0.2064 0.024703 0.0957242 
118.978 8000 0.0183746 0.0275986 0.0545617 1.22204 0.908765 0.0503649 0 25 -10 
0.143261 -3.79825 0 -3.75534 0.0718 0.9937 0.8 -0.1 0.214388 -1.44447 4.18355 -1.46873 2.59905 -0.240129 -2.59799 -2.85188 0.2064 0.0231706 0.089786 
119.019 8000 0.0174384 0.0267684 0.0540393 1.22204 0.919215 0.0503231 0 25 -10 
0.14091 -3.78411 0 -3.71578 0.0718 0.9937 0.8 -0.1 0.220606 -1.40548 4.17714 -1.44614 2.60409 -0.196514 -2.57401 -2.84671 0.2064 0.0216432 0.0838673 
119.057 8000 0.0165982 0.0260234 0.0535704 1.22204 0.928591 0.0502856 0 25 -10 
0.138591 -3.77016 0 -3.67675 0.0718 0.9937 0.8 -0.1 0.22674 -1.367 4.17082 -1.42385 2.60906 -0.15348 -2.55035 -2.84162 0.2064 0.0201361 0.0780273 
119.092 8000 0.0158462 0.0253566 0.0531508 1.22204 0.936985 0.0502521 0 25 -10 
0.136323 -3.75653 0 -3.63858 0.0718 0.9937 0.8 -0.1 0.232737 -1.32938 4.16465 -1.40205 2.61392 -0.111405 -2.52721 -2.83663 0.2064 0.0186626 0.0723176 
119.125 8000 0.0151745 0.024761 0.052776 1.22204 0.944481 0.0502221 0 25 -10 
0.134124 -3.7433 0 -3.60158 0.0718 0.9937 0.8 -0.1 0.238553 -1.2929 4.15866 -1.38092 2.61864 -0.0706082 -2.50478 -2.8318 0.2064 0.0172339 0.0667813 
119.155 8000 0.014576 0.0242303 0.052442 1.22204 0.951161 0.0501954 0 25 -10 
0.132008 -3.73058 0 -3.56597 0.0718 0.9937 0.8 -0.1 0.244149 -1.2578 4.15289 -1.36058 2.62317 -0.0313496 -2.4832 -2.82715 0.2064 0.015859 0.0614537 
119.182 8000 0.0140437 0.0237583 0.0521449 1.22204 0.957101 0.0501716 0 25 -10 
0.129986 -3.71842 0 -3.53193 0.0718 0.9937 0.8 -0.1 0.249497 -1.22426 4.14738 -1.34115 2.62751 0.00616732 -2.46257 -2.8227 0.2064 0.0145452 0.0563625 
119.207 8000 0.0135713 0.0233394 0.0518813 1.22204 0.962374 0.0501505 0 25 -10 
0.128066 -3.70687 0 -3.49962 0.0718 0.9937 0.8 -0.1 0.254575 -1.1924 4.14215 -1.32269 2.63162 0.0417914 -2.44298 -2.81848 0.2064 0.0132976 0.0515282 
119.229 8000 0.0131529 0.0229684 0.0516478 1.22204 0.967044 0.0501318 0 25 -10 
0.126253 -3.69597 0 -3.46912 0.0718 0.9937 0.8 -0.1 0.259368 -1.16234 4.13722 -1.30527 2.63551 0.0754191 -2.42449 -2.8145 0.2064 0.0121199 0.0469647 
119.25 8000 0.0127829 0.0226403 0.0514413 1.22204 0.971173 0.0501153 0 25 -10 
0.124552 -3.68574 0 -3.44048 0.0718 0.9937 0.8 -0.1 0.263868 -1.13411 4.13258 -1.28892 2.63916 0.106989 -2.40713 -2.81076 0.2064 0.0110143 0.0426805 
119.268 8000 0.0124563 0.0223507 0.0512591 1.22204 0.974818 0.0501007 0 25 -10 
0.122962 -3.67618 0 -3.41373 0.0718 0.9937 0.8 -0.1 0.268072 -1.10774 4.12825 -1.27364 2.64257 0.136478 -2.39092 -2.80727 0.2064 0.00998163 0.0386788 
119.285 8000 0.0121686 0.0220956 0.0510985 1.22204 0.978029 0.0500879 0 25 -10 
0.121485 -3.6673 0 -3.38887 0.0718 0.9937 0.8 -0.1 0.271979 -1.08323 4.12422 -1.25944 2.64573 0.163891 -2.37584 -2.80402 0.2064 0.00902159 0.0349587 
119.3 8000 0.0119155 0.0218711 0.0509573 1.22204 0.980854 0.0500766 0 25 -10 
0.120117 -3.65907 0 -3.36585 0.0718 0.9937 0.8 -0.1 0.275596 -1.06055 4.1205 -1.2463 2.64867 0.189264 -2.36189 -2.80101 0.2064 0.00813303 0.0315155 
119.313 8000 0.0116931 0.021674 0.0508332 1.22204 0.983336 0.0500667 0 25 -10 
0.118857 -3.65149 0 -3.34464 0.0718 0.9937 0.8 -0.1 0.27893 -1.03964 4.11707 -1.23419 2.65137 0.212651 -2.34903 -2.79824 0.2064 0.00731401 0.0283418 
119.324 8000 0.0114981 0.0215011 0.0507244 1.22204 0.985512 0.050058 0 25 -10 
0.117699 -3.64453 0 -3.32516 0.0718 0.9937 0.8 -0.1 0.28199 -1.02044 4.11391 -1.22306 2.65385 0.234123 -2.33723 -2.7957 0.2064 0.00656203 0.0254279 
119.332 8000 0.0113273 0.0213496 0.0506291 1.22204 0.987418 0.0500503 0 25 -10 
0.116641 -3.63817 0 -3.30735 0.0718 0.9937 0.8 -0.1 0.284791 -1.00287 4.11103 -1.21289 2.65612 0.253767 -2.32643 -2.79337 0.2064 0.00587411 0.0227622 
119.333 8000 0.011178 0.0212172 0.0505457 1.22204 0.989085 0.0500437 0 25 -10 
0.115675 -3.63236 0 -3.2911 0.0718 0.9937 0.8 -0.1 0.287343 -0.986861 4.1084 -1.20361 2.65819 0.271675 -2.31658 -2.79125 0.2064 0.00524695 0.0203319 
119.324 8000 0.0110476 0.0211016 0.050473 1.22204 0.99054 0.0500378 0 25 -10 
0.114798 -3.62709 0 -3.27634 0.0718 0.9937 0.8 -0.1 0.289663 -0.97231 4.10601 -1.19518 2.66007 0.287949 -2.30763 -2.78932 0.2064 0.00467703 0.0181235 
119.3 8000 0.0109378 0.0210042 0.0504117 1.22204 0.991765 0.0500329 0 25 -10 
0.114004 -3.62231 0 -3.26297 0.0718 0.9937 0.8 -0.1 0.291765 -0.959128 4.10384 -1.18754 2.66177 0.302692 -2.29953 -2.78757 0.2064 0.00416072 0.0161228 
119.255 8000 0.0108641 0.0209389 0.0503706 1.22204 0.992588 0.0500296 0 25 -10 
0.113286 -3.61799 0 -3.25089 0.0718 0.9937 0.8 -0.1 0.293663 -0.947221 4.10189 -1.18065 2.66331 0.31601 -2.2922 -2.786 0.2064 0.00369433 0.0143155 
119.183 8000 0.0108616 0.0209366 0.0503692 1.22204 0.992616 0.0500295 0 25 -10 
0.112639 -3.6141 0 -3.24 0.0718 0.9937 0.8 -0.1 0.295373 -0.936494 4.10013 -1.17443 2.6647 0.328007 -2.28561 -2.78458 0.2064 0.00327419 0.0126875 
119.08 8000 0.010981 0.0210425 0.0504358 1.22204 0.991284 0.0500349 0 25 -10 
0.112058 -3.61061 0 -3.23023 0.0718 0.9937 0.8 -0.1 0.29691 -0.926856 4.09854 -1.16885 2.66594 0.338786 -2.27968 -2.7833 0.2064 0.00289669 0.0112247 
118.937 8000 0.0112807 0.0213083 0.0506031 1.22204 0.987939 0.0500482 0 25 -10 
0.111537 -3.60748 0 -3.22146 0.0718 0.9937 0.8 -0.1 0.298287 -0.918218 4.09713 -1.16384 2.66706 0.348447 -2.27437 -2.78215 0.2064 0.00255836 0.00991365 
118.752 8000 0.011818 0.0217848 0.0509029 1.22204 0.981941 0.0500722 0 25 -10 
0.111072 -3.60468 0 -3.21363 0.0718 0.9937 0.8 -0.1 0.299518 -0.910494 4.09586 -1.15937 2.66806 0.357085 -2.26962 -2.78113 0.2064 0.00225584 0.00874139 
118.518 8000 0.0126425 0.0225158 0.051363 1.22204 0.97274 0.050109 0 25 -10 
0.110657 -3.60218 0 -3.20664 0.0718 0.9937 0.8 -0.1 0.300617 -0.903604 4.09473 -1.15538 2.66895 0.364792 -2.26538 -2.78022 0.2064 0.00198595 0.00769557 
118.234 8000 0.0137909 0.0235341 0.0520038 1.22204 0.959923 0.0501603 0 25 -10 
0.110287 -3.59996 0 -3.20042 0.0718 0.9937 0.8 -0.1 0.301594 -0.89747 4.09372 -1.15182 2.66974 0.371652 -2.26161 -2.77941 0.2064 0.00174569 0.00676455 
117.896 8000 0.0152847 0.0248587 0.0528375 1.22204 0.943251 0.050227 0 25 -10 
0.109958 -3.59798 0 -3.19489 0.0718 0.9937 0.8 -0.1 0.302463 -0.892021 4.09282 -1.14867 2.67044 0.377746 -2.25826 -2.77868 0.2064 0.00153229 0.00593763 
117.503 8000 0.0171303 0.0264952 0.0538673 1.22204 0.922653 0.0503094 0 25 -10 
0.10967 -3.59625 0 -3.19003 0.0718 0.9937 0.8 -0.1 0.303227 -0.887232 4.09204 -1.14589 2.67106 0.383103 -2.25531 -2.77805 0.2064 0.0013447 0.00521069 
117.054 8000 0.019319 0.0284359 0.0550887 1.22204 0.898226 0.0504071 0 25 -10 
0.109428 -3.59479 0 -3.18597 0.0718 0.9937 0.8 -0.1 0.303865 -0.883228 4.09138 -1.14357 2.67158 0.387581 -2.25285 -2.77752 0.2064 0.00118788 0.00460303 
116.551 8000 0.0218295 0.0306621 0.0564897 1.22204 0.870207 0.0505192 0 25 -10 
0.109255 -3.59375 0 -3.18305 0.0718 0.9937 0.8 -0.1 0.304324 -0.880351 4.09091 -1.1419 2.67195 0.390798 -2.25108 -2.77714 0.2064 0.00107521 0.00416643 
115.995 8000 0.0246304 0.0331457 0.0580527 1.22204 0.838947 0.0506442 0 25 -10 
0.109181 -3.5933 0 -3.1818 0.0718 0.9937 0.8 -0.1 0.30452 -0.879119 4.09071 -1.14119 2.67211 0.392176 -2.25032 -2.77697 0.2064 0.00102695 0.00397941 
115.387 8000 0.0276824 0.035852 0.0597558 1.22204 0.804884 0.0507805 0 25 -10 
0.109242 -3.59367 0 -3.18283 0.0718 0.9937 0.8 -0.1 0.304358 -0.880136 4.09087 -1.14178 2.67198 0.391038 -2.25095 -2.77711 0.2064 0.00106678 0.00413379 
114.732 8000 0.0309416 0.038742 0.0615746 1.22204 0.768508 0.050926 0 25 -10 
0.109475 -3.59507 0 -3.18675 0.0718 0.9937 0.8 -0.1 0.303742 -0.884001 4.09151 -1.14402 2.67148 0.386716 -2.25333 -2.77762 0.2064 0.00121817 0.0047204 
114.033 8000 0.0343613 0.0417743 0.0634829 1.22204 0.730342 0.0510786 0 25 -10 
0.109911 -3.59769 0 -3.19408 0.0718 0.9937 0.8 -0.1 0.302589 -0.89123 4.09269 -1.14821 2.67055 0.378631 -2.25777 -2.77858 0.2064 0.00150129 0.00581748 
113.295 8000 0.0378944 0.0449071 0.0654545 1.22204 0.690911 0.0512364 0 25 -10 
0.110572 -3.60167 0 -3.20522 0.0718 0.9937 0.8 -0.1 0.30084 -0.902202 4.0945 -1.15456 2.66913 0.36636 -2.26452 -2.78003 0.2064 0.00193103 0.00748274 
112.521 8000 0.041495 0.0480999 0.0674637 1.22204 0.650725 0.0513971 0 25 -10 
0.111472 -3.60709 0 -3.22037 0.0718 0.9937 0.8 -0.1 0.298459 -0.917135 4.09695 -1.16321 2.6672 0.349658 -2.2737 -2.78201 0.2064 0.00251594 0.00974928 
111.717 8000 0.0451194 0.0513137 0.0694863 1.22204 0.610275 0.0515589 0 25 -10 
0.112614 -3.61395 0 -3.23958 0.0718 0.9937 0.8 -0.1 0.295439 -0.93608 4.10006 -1.17419 2.66475 0.32847 -2.28535 -2.78452 0.2064 0.00325797 0.0126246 
110.888 8000 0.0487203 0.0545067 0.0714957 1.22204 0.570086 0.0517197 0 25 -10 
0.113991 -3.62224 0 -3.26276 0.0718 0.9937 0.8 -0.1 0.291797 -0.958927 4.10381 -1.18743 2.6618 0.302917 -2.2994 -2.78755 0.2064 0.00415284 0.0160923 
110.039 8000 0.0522383 0.0576261 0.0734589 1.22204 0.530823 0.0518767 0 25 -10 
0.115589 -3.63184 0 -3.28965 0.0718 0.9937 0.8 -0.1 0.287571 -0.98543 4.10816 -1.20278 2.65837 0.273275 -2.3157 -2.79106 0.2064 0.00519091 0.0201148 
109.174 8000 0.0555996 0.0606067 0.0753346 1.22204 0.493308 0.0520268 0 25 -10 
0.117386 -3.64265 0 -3.31988 0.0718 0.9937 0.8 -0.1 0.28282 -1.01523 4.11306 -1.22005 2.65452 0.239945 -2.33403 -2.79501 0.2064 0.00635815 0.0246378 
108.299 8000 0.0587227 0.063376 0.0770774 1.22204 0.458452 0.0521662 0 25 -10 
0.119354 -3.65449 0 -3.35301 0.0718 0.9937 0.8 -0.1 0.277614 -1.04789 4.11842 -1.23897 2.6503 0.203419 -2.35411 -2.79934 0.2064 0.00763732 0.0295946 
107.418 8000 0.0615262 0.0658619 0.0786418 1.22204 0.427163 0.0522913 0 25 -10 
0.121466 -3.66718 0 -3.38855 0.0718 0.9937 0.8 -0.1 0.27203 -1.08291 4.12417 -1.25926 2.64577 0.164248 -2.37565 -2.80398 0.2064 0.00900912 0.0349103 
106.536 8000 0.0639373 0.0679999 0.0799873 1.22204 0.400253 0.052399 0 25 -10 
0.123688 -3.68055 0 -3.42595 0.0718 0.9937 0.8 -0.1 0.266153 -1.11978 4.13023 -1.28062 2.64101 0.123014 -2.39832 -2.80886 0.2064 0.0104531 0.0405059 
105.656 8000 0.0658974 0.0697379 0.0810811 1.22204 0.378378 0.0524865 0 25 -10 
0.12599 -3.69439 0 -3.46469 0.0718 0.9937 0.8 -0.1 0.260065 -1.15797 4.1365 -1.30274 2.63608 0.080306 -2.4218 -2.81392 0.2064 0.0119488 0.0463016 
104.783 8000 0.0673655 0.0710397 0.0819004 1.22204 0.361992 0.052552 0 25 -10 
0.128341 -3.70852 0 -3.50425 0.0718 0.9937 0.8 -0.1 0.253848 -1.19696 4.1429 -1.32533 2.63104 0.036693 -2.44578 -2.81909 0.2064 0.0134761 0.05222 
103.92 8000 0.0683198 0.071886 0.0824329 1.22204 0.351341 0.0525946 0 25 -10 
0.130711 -3.72278 0 -3.54414 0.0718 0.9937 0.8 -0.1 0.247579 -1.23629 4.14936 -1.34812 2.62595 -0.00728685 -2.46996 -2.8243 0.2064 0.0150163 0.0581883 
103.07 8000 0.0687569 0.0722735 0.0826768 1.22204 0.346463 0.0526141 0 25 -10 
0.133075 -3.73699 0 -3.58392 0.0718 0.9937 0.8 -0.1 0.241328 -1.2755 4.1558 -1.37083 2.62089 -0.0511413 -2.49408 -2.82949 0.2064 0.0165521 0.0641396 
102.235 8000 0.06869 0.0722142 0.0826395 1.22204 0.34721 0.0526112 0 25 -10 
0.135408 -3.75102 0 -3.62318 0.0718 0.9937 0.8 -0.1 0.235157 -1.3142 4.16215 -1.39326 2.61588 -0.094431 -2.51788 -2.83462 0.2064 0.0180682 0.0700142 
101.419 8000 0.0681465 0.0717323 0.0823362 1.22204 0.353275 0.0525869 0 25 -10 
0.13769 -3.76475 0 -3.66159 0.0718 0.9937 0.8 -0.1 0.229121 -1.35206 4.16837 -1.41519 2.61099 -0.136775 -2.54116 -2.83964 0.2064 0.0195511 0.0757604 
100.623 8000 0.0671651 0.070862 0.0817885 1.22204 0.364229 0.0525431 0 25 -10 
0.139904 -3.77806 0 -3.69885 0.0718 0.9937 0.8 -0.1 0.223266 -1.38879 4.1744 -1.43647 2.60625 -0.17785 -2.56375 -2.8445 0.2064 0.0209895 0.0813345 
99.8501 8000 0.0657923 0.0696447 0.0810225 1.22204 0.37955 0.0524818 0 25 -10 
0.142036 -3.79088 0 -3.73472 0.0718 0.9937 0.8 -0.1 0.217629 -1.42415 4.18021 -1.45695 2.60168 -0.217394 -2.58549 -2.84919 0.2064 0.0223744 0.0867008 
99.1004 8000 0.0640801 0.0681265 0.080067 1.22204 0.39866 0.0524054 0 25 -10 
0.144073 -3.80313 0 -3.76901 0.0718 0.9937 0.8 -0.1 0.21224 -1.45795 4.18576 -1.47654 2.59731 -0.2552 -2.60628 -2.85367 0.2064 0.0236984 0.0918312 
98.3756 8000 0.0620828 0.0663555 0.0789525 1.22204 0.420951 0.0523162 0 25 -10 
0.146009 -3.81477 0 -3.80159 0.0718 0.9937 0.8 -0.1 0.207121 -1.49006 4.19103 -1.49514 2.59316 -0.291113 -2.62602 -2.85792 0.2064 0.0249561 0.0967048 
97.6768 8000 0.0598554 0.0643804 0.0777095 1.22204 0.44581 0.0522168 0 25 -10 
0.147837 -3.82577 0 -3.83235 0.0718 0.9937 0.8 -0.1 0.202287 -1.52038 4.19601 -1.51271 2.58924 -0.325027 -2.64467 -2.86194 0.2064 0.0261438 0.101307 
97.0047 8000 0.0574511 0.0622485 0.0763678 1.22204 0.472644 0.0521094 0 25 -10 
0.149554 -3.83609 0 -3.86124 0.0718 0.9937 0.8 -0.1 0.197746 -1.54886 4.20069 -1.52921 2.58556 -0.356879 -2.66218 -2.86571 0.2064 0.0272592 0.105629 
96.3596 8000 0.0549205 0.0600045 0.0749556 1.22204 0.500887 0.0519965 0 25 -10 
0.151158 -3.84574 0 -3.88824 0.0718 0.9937 0.8 -0.1 0.193504 -1.57547 4.20506 -1.54463 2.58212 -0.38664 -2.67855 -2.86924 0.2064 0.0283015 0.109668 
95.742 8000 0.05231 0.0576897 0.0734989 1.22204 0.530022 0.0518799 0 25 -10 
0.15265 -3.85471 0 -3.91334 0.0718 0.9937 0.8 -0.1 0.189559 -1.60022 4.20912 -1.55896 2.57892 -0.414318 -2.69377 -2.87252 0.2064 0.0292708 0.113424 
95.1519 8000 0.0496617 0.0553414 0.072021 1.22204 0.559579 0.0517617 0 25 -10 
0.154032 -3.86302 0 -3.93658 0.0718 0.9937 0.8 -0.1 0.185927 -1.62314 4.21289 -1.57221 2.57596 -0.439934 -2.70784 -2.87555 0.2064 0.0301682 0.1169 
94.5894 8000 0.0470125 0.0529924 0.0705427 1.22204 0.589146 0.0516434 0 25 -10 
0.155313 -3.87078 0 -3.95789 0.0718 0.9937 0.8 -0.1 0.182771 -1.64435 4.21643 -1.58421 2.57323 -0.463466 -2.72069 -2.87829 0.2064 0.0309956 0.120086 
94.0542 8000 0.0443944 0.0506708 0.0690817 1.22204 0.618366 0.0515265 0 25 -10 
0.156518 -3.87821 0 -3.97707 0.0718 0.9937 0.8 -0.1 0.180553 -1.66412 4.21991 -1.59443 2.57072 -0.484775 -2.73205 -2.88062 0.2064 0.0317556 0.122946 
93.546 8000 0.0418341 0.0484005 0.067653 1.22204 0.646941 0.0514122 0 25 -10 
0.157679 -3.88572 0 -3.99375 0.0718 0.9937 0.8 -0.1 0.180043 -1.68285 4.22359 -1.60203 2.56841 -0.503595 -2.74145 -2.88232 0.2064 0.032451 0.125416 
93.0644 8000 0.0393536 0.046201 0.0662687 1.22204 0.674625 0.0513015 0 25 -10 
0.158842 -3.89377 0 -4.00746 0.0718 0.9937 0.8 -0.1 0.182208 -1.70103 4.22781 -1.60591 2.56628 -0.519583 -2.74829 -2.88315 0.2064 0.0330852 0.127414 
92.609 8000 0.0369703 0.0440877 0.0649388 1.22204 0.701225 0.0511951 0 25 -10 
0.160053 -3.90287 0 -4.01769 0.0718 0.9937 0.8 -0.1 0.188061 -1.71917 4.23293 -1.60493 2.56433 -0.532378 -2.75196 -2.88282 0.2064 0.0336616 0.128853 
92.179 8000 0.0346974 0.0420723 0.0636704 1.22204 0.726592 0.0510936 0 25 -10 
0.161354 -3.9135 0 -4.024 0.0718 0.9937 0.8 -0.1 0.198531 -1.73778 4.23927 -1.59805 2.56252 -0.541664 -2.7519 -2.88109 0.2064 0.0341839 0.129658 
91.774 8000 0.0325444 0.0401632 0.062469 1.22204 0.75062 0.0509975 0 25 -10 
0.16278 -3.92603 0 -4.02605 0.0718 0.9937 0.8 -0.1 0.214364 -1.75726 4.2471 -1.58445 2.56085 -0.547206 -2.74766 -2.87775 0.2064 0.0346559 0.129768 
91.3931 8000 0.0305176 0.038366 0.0613379 1.22204 0.773241 0.050907 0 25 -10 
0.164358 -3.94073 0 -4.02365 0.0718 0.9937 0.8 -0.1 0.236057 -1.77791 4.25661 -1.56359 2.5593 -0.54888 -2.73898 -2.87268 0.2064 0.0350812 0.129148 
91.0356 8000 0.0286202 0.0366836 0.0602791 1.22204 0.794417 0.0508223 0 25 -10 
0.166103 -3.95776 0 -4.01673 0.0718 0.9937 0.8 -0.1 0.263844 -1.79995 4.26788 -1.53522 2.55785 -0.546679 -2.72573 -2.86582 0.2064 0.0354634 0.127788 
90.7009 8000 0.0268533 0.0351168 0.0592931 1.22204 0.814138 0.0507434 0 25 -10 
0.16802 -3.97714 0 -4.00541 0.0718 0.9937 0.8 -0.1 0.297692 -1.82344 4.28094 -1.49944 2.55649 -0.54071 -2.70799 -2.85718 0.2064 0.035806 0.125703 
90.388 8000 0.0252156 0.0336646 0.0583793 1.22204 0.832415 0.0506703 0 25 -10 
0.170104 -3.99877 0 -3.98992 0.0718 0.9937 0.8 -0.1 0.337336 -1.84837 4.2957 -1.45656 2.55522 -0.531184 -2.68597 -2.84686 0.2064 0.0361124 0.122932 
90.0961 8000 0.0237046 0.0323248 0.057536 1.22204 0.849279 0.0506029 0 25 -10 
0.172342 -4.02249 0 -3.9706 0.0718 0.9937 0.8 -0.1 0.38231 -1.87463 4.31204 -1.40718 2.55402 -0.518393 -2.66003 -2.83497 0.2064 0.0363858 0.119529 
89.8244 8000 0.0223161 0.0310935 0.0567612 1.22204 0.864776 0.0505409 0 25 -10 
0.174715 -4.04804 0 -3.94786 0.0718 0.9937 0.8 -0.1 0.431997 -1.90205 4.32976 -1.35203 2.55289 -0.502694 -2.63061 -2.82171 0.2064 0.0366292 0.115566 
89.5722 8000 0.0210451 0.0299666 0.056052 1.22204 0.878961 0.0504842 0 25 -10 
0.177199 -4.07513 0 -3.92221 0.0718 0.9937 0.8 -0.1 0.485673 -1.9304 4.34865 -1.29198 2.55182 -0.484488 -2.59822 -2.80728 0.2064 0.0368455 0.111122 
89.3385 8000 0.0198859 0.0289387 0.0554051 1.22204 0.891898 0.0504324 0 25 -10 
0.179768 -4.10341 0 -3.89414 0.0718 0.9937 0.8 -0.1 0.54255 -1.95942 4.36846 -1.22798 2.55082 -0.464196 -2.56341 -2.79191 0.2064 0.0370373 0.106283 
89.1225 8000 0.0188323 0.0280044 0.0548171 1.22204 0.903657 0.0503854 0 25 -10 
0.182393 -4.13255 0 -3.86418 0.0718 0.9937 0.8 -0.1 0.601815 -1.98884 4.38894 -1.16099 2.54987 -0.442247 -2.52674 -2.77582 0.2064 0.0372071 0.101136 
88.9235 8000 0.0178776 0.0271579 0.0542844 1.22204 0.914312 0.0503428 0 25 -10 
0.185047 -4.16219 0 -3.83285 0.0718 0.9937 0.8 -0.1 0.662665 -2.01838 4.40982 -1.09195 2.54898 -0.419062 -2.48878 -2.75925 0.2064 0.0373572 0.095767 
88.7406 8000 0.0170152 0.0263932 0.0538031 1.22204 0.923937 0.0503043 0 25 -10 
0.187704 -4.19202 0 -3.80064 0.0718 0.9937 0.8 -0.1 0.724331 -2.04778 4.43088 -1.0218 2.54814 -0.395039 -2.45005 -2.74241 0.2064 0.0374895 0.0902572 
88.573 8000 0.0162384 0.0257043 0.0533696 1.22204 0.932607 0.0502696 0 25 -10 
0.190337 -4.22171 0 -3.768 0.0718 0.9937 0.8 -0.1 0.786098 -2.0768 4.45189 -0.951368 2.54736 -0.370548 -2.41105 -2.72551 0.2064 0.037606 0.0846826 
88.4201 8000 0.0155405 0.0250855 0.0529802 1.22204 0.940396 0.0502384 0 25 -10 
0.192925 -4.251 0 -3.73533 0.0718 0.9937 0.8 -0.1 0.847321 -2.1052 4.47264 -0.881425 2.54662 -0.345924 -2.37222 -2.70873 0.2064 0.0377084 0.0791117 
88.2809 8000 0.0149151 0.024531 0.0526312 1.22204 0.947376 0.0502105 0 25 -10 
0.195448 -4.27964 0 -3.70301 0.0718 0.9937 0.8 -0.1 0.907432 -2.1328 4.49295 -0.812645 2.54594 -0.321462 -2.33396 -2.69222 0.2064 0.0377984 0.0736049 
88.1549 8000 0.0143561 0.0240353 0.0523192 1.22204 0.953615 0.0501855 0 25 -10 
0.19789 -4.30742 0 -3.67134 0.0718 0.9937 0.8 -0.1 0.965945 -2.15943 4.51267 -0.745605 2.5453 -0.297417 -2.2966 -2.67614 0.2064 0.0378772 0.068214 
88.0414 8000 0.0138575 0.0235931 0.052041 1.22204 0.95918 0.0501633 0 25 -10 
0.200245 -4.33418 0 -3.64058 0.0718091 0.993696 0.799997 -0.1 1.02245 -2.18494 4.53168 -0.680787 2.54471 -0.274001 -2.26042 -2.66059 0.206401 0.0379457 0.0629827 
87.9395 8000 0.0134137 0.0231997 0.0517934 1.22204 0.964132 0.0501435 0 25 -10 
0.202584 -4.35994 0 -3.61094 0.0719034 0.99365 0.79997 -0.1 1.07655 -2.20913 4.54985 -0.618588 2.54419 -0.251369 -2.22554 -2.64562 0.206412 0.038001 0.0579461 
87.8488 8000 0.0130197 0.0228503 0.0515735 1.22204 0.96853 0.0501259 0 25 -10 
0.205127 -4.38499 0 -3.58253 0.072298 0.993461 0.799855 -0.1 1.12782 -2.23166 4.56706 -0.559336 2.54382 -0.229599 -2.19185 -2.63123 0.206458 0.0380329 0.0531318 
87.7685 8000 0.0126704 0.0225406 0.0513786 1.22204 0.972429 0.0501103 0 25 -10 
0.208254 -4.40994 0 -3.55543 0.0733567 0.992954 0.799546 -0.1 1.17574 -2.25201 4.58316 -0.503299 2.54373 -0.208698 -2.15903 -2.61731 0.206583 0.038023 0.0485601 
87.6981 8000 0.0123614 0.0222666 0.0512068 1.22204 0.975877 0.0500965 0 25 -10 
0.212449 -4.43559 0 -3.52963 0.0755403 0.991907 0.798908 -0.1 1.21979 -2.26958 4.598 -0.450686 2.54407 -0.188614 -2.12657 -2.60369 0.206839 0.037948 0.044245 
87.637 8000 0.0120886 0.0220246 0.0510609 1.22204 0.978922 0.0500843 0 25 -10 
0.21823 -4.46283 0 -3.50509 0.0793369 0.990087 0.797801 -0.1 1.25948 -2.28373 4.61144 -0.401644 2.54502 -0.169261 -2.09387 -2.59019 0.207285 0.0377828 0.0401947 
87.5847 8000 0.0118481 0.0218111 0.0509535 1.22204 0.981606 0.0500736 0 25 -10 
0.226075 -4.49251 0 -3.48177 0.0851975 0.987277 0.79609 -0.1 1.29439 -2.29391 4.62338 -0.356256 2.54674 -0.150539 -2.06039 -2.57663 0.207973 0.0375044 0.0364126 
87.5406 8000 0.0116364 0.0216229 0.0509075 1.22204 0.983969 0.0500641 0 25 -10 
0.236372 -4.52532 0 -3.45959 0.0934873 0.983302 0.793671 -0.1 1.32422 -2.29969 4.63373 -0.31455 2.54934 -0.132351 -2.02564 -2.56283 0.208946 0.037094 0.0328977 
87.5042 8000 0.0114504 0.021457 0.0509526 1.22204 0.986044 0.0500558 0 25 -10 
0.249391 -4.56176 0 -3.43848 0.104457 0.978043 0.79047 -0.1 1.3488 -2.30078 4.64246 -0.276492 2.55292 -0.114615 -1.98926 -2.54869 0.210234 0.0365391 0.0296458 
87.475 8000 0.0112873 0.0213105 0.0511208 1.22204 0.987865 0.0500485 0 25 -10 
0.265268 -4.60211 0 -3.41839 0.11823 0.97144 0.78645 -0.1 1.36813 -2.29707 4.64956 -0.242002 2.55753 -0.0972694 -1.95104 -2.53412 0.21185 0.0358334 0.0266497 
87.4527 8000 0.0111443 0.021181 0.0514415 1.22204 0.989461 0.0500422 0 25 -10 
0.284005 -4.64642 0 -3.39925 0.134806 0.963493 0.781613 -0.1 1.38232 -2.28864 4.65508 -0.210955 2.56315 -0.0802753 -1.91091 -2.5191 0.213796 0.0349776 0.0239001 
87.4368 8000 0.0110193 0.0210661 0.0519385 1.22204 0.990856 0.0500366 0 25 -10 
0.305487 -4.69454 0 -3.38103 0.154069 0.954258 0.775992 -0.1 1.39158 -2.27567 4.65908 -0.183191 2.56974 -0.0636163 -1.86895 -2.50363 0.216057 0.0339778 0.0213859 
87.4268 8000 0.0109101 0.020964 0.052628 1.22204 0.992075 0.0500317 0 25 -10 
0.329498 -4.74615 0 -3.36369 0.17581 0.943834 0.769647 -0.1 1.39625 -2.25852 4.66168 -0.158523 2.57723 -0.0472959 -1.82533 -2.48777 0.21861 0.0328456 0.0190948 
87.4224 8000 0.0108148 0.0208729 0.0535175 1.22204 0.993138 0.0500274 0 25 -10 
0.355744 -4.80079 0 -3.3472 0.199746 0.932359 0.762662 -0.1 1.39672 -2.23759 4.66297 -0.136747 2.58552 -0.0313335 -1.78033 -2.47161 0.221419 0.0315961 0.0170139 
87.4232 8000 0.0107318 0.0207914 0.054606 1.22204 0.994065 0.0500237 0 25 -10 
0.383874 -4.8579 0 -3.33154 0.225541 0.919992 0.755134 -0.1 1.39344 -2.21339 4.66311 -0.117643 2.59448 -0.0157601 -1.73429 -2.45523 0.224447 0.0302472 0.0151296 
87.4289 8000 0.0106595 0.0207181 0.0558849 1.22204 0.994871 0.0500205 0 25 -10 
0.413505 -4.91687 0 -3.3167 0.252827 0.906911 0.747172 -0.1 1.3869 -2.18646 4.66223 -0.100989 2.60399 -0.000614199 -1.68758 -2.43876 0.227651 0.0288184 0.0134283 
87.4391 8000 0.0105967 0.020652 0.0573391 1.22204 0.995572 0.0500177 0 25 -10 
0.444241 -4.97708 0 -3.30266 0.281223 0.893296 0.738885 -0.1 1.37756 -2.15733 4.66048 -0.086562 2.61391 0.014062 -1.64061 -2.42231 0.230984 0.02733 0.0118965 
87.4537 8000 0.0105422 0.0205921 0.0589486 1.22204 0.996181 0.0500153 0 25 -10 
0.475688 -5.03787 0 -3.28943 0.310355 0.879327 0.730384 -0.1 1.36592 -2.12655 4.65797 -0.0741509 2.62409 0.028231 -1.59376 -2.40602 0.234403 0.0258021 0.0105208 
87.4721 8000 0.0104949 0.0205378 0.0606898 1.22204 0.996709 0.0500132 0 25 -10 
0.507467 -5.09865 0 -3.27705 0.339881 0.865147 0.721775 -0.1 1.35238 -2.09458 4.65473 -0.0636173 2.6343 0.0418948 -1.54735 -2.39003 0.237867 0.0242537 0.00928839 
87.4943 8000 0.0104539 0.0204884 0.0625366 1.22204 0.997166 0.0500113 0 25 -10 
0.539227 -5.15886 0 -3.26574 0.36952 0.850831 0.713155 -0.1 1.33721 -2.06175 4.65049 -0.0549695 2.64416 0.055139 -1.50161 -2.37459 0.241334 0.0227028 0.00818697 
87.5199 8000 0.0104185 0.0204434 0.0644578 1.22204 0.997562 0.0500098 0 25 -10 
0.57065 -5.21798 0 -3.25584 0.399066 0.836378 0.704615 -0.1 1.32058 -2.0282 4.64472 -0.0483773 2.65308 0.0681414 -1.45659 -2.35999 0.244769 0.0211654 0.00720481 
87.5488 8000 0.0103878 0.0204024 0.0664138 1.22204 0.997904 0.0500084 0 25 -10 
0.601458 -5.27557 0 -3.2478 0.428376 0.821729 0.696231 -0.1 1.30249 -1.99398 4.63669 -0.0441242 2.66037 0.0811445 -1.41228 -2.34659 0.248142 0.0196559 0.00633086 
87.5806 8000 0.0103613 0.0203652 0.0683552 1.22204 0.9982 0.0500072 0 25 -10 
0.63141 -5.33125 0 -3.24209 0.457353 0.806793 0.688072 -0.1 1.28293 -1.95904 4.62561 -0.0425377 2.6653 0.0944156 -1.36856 -2.33475 0.251424 0.0181863 0.00555479 
87.6151 8000 0.0103385 0.0203317 0.0702277 1.22204 0.998455 0.0500062 0 25 -10 
0.660308 -5.38473 0 -3.23915 0.485929 0.791477 0.680193 -0.1 1.26183 -1.92331 4.61073 -0.0439256 2.66721 0.108209 -1.32531 -2.32478 0.254593 0.0167668 0.00486698 
87.6523 8000 0.0103188 0.0203019 0.0719765 1.22204 0.998675 0.0500053 0 25 -10 
0.687995 -5.43575 0 -3.23933 0.514052 0.775701 0.672638 -0.1 1.23917 -1.88674 4.59146 -0.0485258 2.66555 0.122737 -1.28244 -2.31695 0.257632 0.0154056 0.00425852 
87.6919 8000 0.0103018 0.0202758 0.0735518 1.22204 0.998864 0.0500045 0 25 -10 
0.714349 -5.48414 0 -3.24287 0.541676 0.759417 0.665442 -0.1 1.21495 -1.84932 4.56737 -0.0564767 2.65996 0.138154 -1.23986 -2.31144 0.260527 0.0141088 0.00372124 
87.7336 8000 0.0102872 0.0202533 0.0749116 1.22204 0.999027 0.0500039 0 25 -10 
0.739285 -5.52979 0 -3.24986 0.56875 0.742612 0.658629 -0.1 1.18924 -1.81108 4.5383 -0.0678032 2.65023 0.154545 -1.19754 -2.30833 0.263267 0.0128809 0.00324761 
87.7775 8000 0.0102746 0.0202343 0.0760246 1.22204 0.999167 0.0500033 0 25 -10 
0.762747 -5.57262 0 -3.26028 0.595222 0.725312 0.652215 -0.1 1.16215 -1.77212 4.50426 -0.0824178 2.63633 0.171929 -1.15551 -2.30763 0.265847 0.0117248 0.00283078 
87.8232 8000 0.0102638 0.0202187 0.0768708 1.22204 0.999288 0.0500028 0 25 -10 
0.78471 -5.61261 0 -3.27399 0.621033 0.707574 0.646209 -0.1 1.13386 -1.73259 4.46548 -0.100131 2.6184 0.190264 -1.11383 -2.30926 0.268263 0.010642 0.00246451 
87.8703 8000 0.0102545 0.0202065 0.077441 1.22204 0.999391 0.0500024 0 25 -10 
0.805169 -5.64978 0 -3.29073 0.646122 0.689487 0.640611 -0.1 1.10456 -1.69268 4.42238 -0.120666 2.59672 0.209453 -1.0726 -2.3131 0.270515 0.00963288 0.00214317 
87.9181 8000 0.0102466 0.0201973 0.0777366 1.22204 0.99948 0.0500021 0 25 -10 
0.824142 -5.68419 0 -3.3102 0.670427 0.671157 0.635418 -0.1 1.07452 -1.65263 4.37546 -0.143685 2.57165 0.229362 -1.03197 -2.31894 0.272604 0.00869661 0.00186165 
87.9654 8000 0.0102398 0.0201911 0.0777673 1.22204 0.999556 0.0500018 0 25 -10 
0.841662 -5.7159 0 -3.33202 0.693885 0.65271 0.630621 -0.1 1.04398 -1.61267 4.32534 -0.168801 2.54364 0.249826 -0.992075 -2.32658 0.274533 0.00783168 0.00161537 
88.0104 8000 0.0102339 0.0201874 0.0775501 1.22204 0.999621 0.0500015 0 25 -10 
0.857778 -5.74503 0 -3.35579 0.716441 0.634274 0.626208 -0.1 1.01322 -1.57306 4.27271 -0.195605 2.51319 0.270664 -0.953085 -2.33576 0.276309 0.00703583 0.0014002 
88.0512 8000 0.0102289 0.020186 0.0771073 1.22204 0.999677 0.0500013 0 25 -10 
0.872545 -5.77168 0 -3.38108 0.738043 0.61598 0.622163 -0.1 0.982489 -1.53404 4.21824 -0.223681 2.48082 0.291686 -0.915157 -2.34621 0.277936 0.00630631 0.00121246 
88.0858 8000 0.0102247 0.0201867 0.0764647 1.22204 0.999725 0.0500011 0 25 -10 
0.88603 -5.79598 0 -3.40749 0.758648 0.597954 0.618467 -0.1 0.952049 -1.49586 4.16263 -0.25262 2.44704 0.312705 -0.878441 -2.35769 0.279422 0.00563995 0.00104886 
88.1118 8000 0.010221 0.0201892 0.0756505 1.22204 0.999766 0.0500009 0 25 -10 
0.898303 -5.81807 0 -3.43462 0.778223 0.580315 0.615104 -0.1 0.922128 -1.45871 4.10653 -0.282035 2.41235 0.333544 -0.843073 -2.36994 0.280776 0.00503331 0.000906472 
88.1269 8000 0.0102179 0.0201931 0.0746935 1.22204 0.9998 0.0500008 0 25 -10 
0.909438 -5.83809 0 -3.46209 0.796744 0.563168 0.612051 -0.1 0.892934 -1.42281 4.05054 -0.311565 2.37723 0.354036 -0.809173 -2.38272 0.282003 0.00448279 0.000782686 
88.1291 8000 0.0102152 0.0201982 0.0736221 1.22204 0.99983 0.0500007 0 25 -10 
0.919511 -5.85618 0 -3.48957 0.814199 0.546604 0.609289 -0.1 0.864646 -1.38829 3.99522 -0.340889 2.3421 0.374034 -0.776836 -2.39582 0.283114 0.00398467 0.000675196 
88.1164 8000 0.0102129 0.0202043 0.0724639 1.22204 0.999856 0.0500006 0 25 -10 
0.928598 -5.87249 0 -3.51676 0.830584 0.530702 0.606798 -0.1 0.837415 -1.35531 3.94104 -0.369722 2.30733 0.39341 -0.746137 -2.40903 0.284117 0.00353525 0.000581959 
88.087 8000 0.010211 0.0202111 0.0712443 1.22204 0.999877 0.0500005 0 25 -10 
0.936772 -5.88715 0 -3.5434 0.845906 0.515521 0.604556 -0.1 0.811363 -1.32395 3.88842 -0.397822 2.27327 0.412059 -0.717127 -2.42219 0.285019 0.00313085 0.000501171 
88.0396 8000 0.0102093 0.0202184 0.0699867 1.22204 0.999896 0.0500004 0 25 -10 
0.944108 -5.90029 0 -3.56927 0.86018 0.501109 0.602543 -0.1 0.786583 -1.29429 3.83769 -0.424987 2.24017 0.429893 -0.689836 -2.43515 0.285828 0.00276789 0.000431242 
87.9731 8000 0.0102079 0.0202261 0.0687121 1.22204 0.999912 0.0500004 0 25 -10 
0.950675 -5.91204 0 -3.5942 0.873431 0.487498 0.600742 -0.1 0.763142 -1.26637 3.78913 -0.451056 2.20828 0.446848 -0.664272 -2.44778 0.286553 0.00244291 0.000370771 
87.8868 8000 0.0102067 0.0202339 0.0674385 1.22204 0.999925 0.0500003 0 25 -10 
0.956541 -5.92254 0 -3.61805 0.885689 0.474706 0.599132 -0.1 0.741081 -1.24021 3.74293 -0.475904 2.17776 0.462879 -0.640425 -2.45998 0.2872 0.00215261 0.000318531 
87.7804 8000 0.0102057 0.0202418 0.0661816 1.22204 0.999936 0.0500003 0 25 -10 
0.961768 -5.93188 0 -3.64072 0.89699 0.462739 0.597698 -0.1 0.72042 -1.21581 3.69924 -0.499442 2.14875 0.477956 -0.618267 -2.47168 0.287777 0.00189386 0.000273443 
87.6537 8000 0.0102048 0.0202496 0.0649542 1.22204 0.999946 0.0500002 0 25 -10 
0.966417 -5.94019 0 -3.66213 0.907374 0.451594 0.596422 -0.1 0.701156 -1.19315 3.65816 -0.521612 2.12135 0.492066 -0.597757 -2.48282 0.28829 0.00166371 0.000234564 
87.5072 8000 0.0102041 0.0202573 0.063767 1.22204 0.999954 0.0500002 0 25 -10 
0.970543 -5.94755 0 -3.68223 0.916886 0.441258 0.59529 -0.1 0.683274 -1.17217 3.61972 -0.542382 2.0956 0.505212 -0.578842 -2.49335 0.288746 0.00145942 0.000201067 
87.3413 8000 0.0102035 0.0202647 0.062628 1.22204 0.999961 0.0500002 0 25 -10 
0.974198 -5.95408 0 -3.70102 0.925574 0.431709 0.594286 -0.1 0.666742 -1.15284 3.58392 -0.561745 2.07154 0.517407 -0.561457 -2.50325 0.289149 0.00127843 0.000172233 
87.157 8000 0.0102029 0.0202718 0.0615435 1.22204 0.999967 0.0500001 0 25 -10 
0.97743 -5.95984 0 -3.71849 0.933485 0.422921 0.593399 -0.1 0.651516 -1.13509 3.55074 -0.579712 2.04917 0.528671 -0.545532 -2.5125 0.289506 0.00111837 0.000147432 
86.9552 8000 0.0102025 0.0202786 0.0605179 1.22204 0.999972 0.0500001 0 25 -10 
0.980282 -5.96493 0 -3.73466 0.940669 0.414862 0.592616 -0.1 0.637543 -1.11884 3.52012 -0.596314 2.02845 0.539038 -0.530991 -2.5211 0.289821 0.000977077 0.000126119 
86.7372 8000 0.0102021 0.020285 0.0595539 1.22204 0.999976 0.0500001 0 25 -10 
0.982796 -5.96941 0 -3.74957 0.947175 0.407496 0.591926 -0.1 0.624766 -1.10401 3.49195 -0.611591 2.00935 0.548543 -0.517753 -2.52907 0.290099 0.00085256 0.000107816 
86.5044 8000 0.0102018 0.020291 0.0586527 1.22204 0.99998 0.0500001 0 25 -10 
0.985008 -5.97335 0 -3.76326 0.953052 0.400785 0.591318 -0.1 0.613119 -1.09052 3.46615 -0.625596 1.99181 0.557228 -0.505737 -2.53641 0.290343 0.000743004 9.21108e-05 
86.2584 8000 0.0102015 0.0202966 0.0578148 1.22204 0.999983 0.0500001 0 25 -10 
0.986951 -5.97681 0 -3.77578 0.958348 0.394689 0.590785 -0.1 0.602535 -1.07829 3.4426 -0.63839 1.97576 0.565138 -0.49486 -2.54316 0.290558 0.000646763 7.86446e-05 
86.0006 8000 0.0102013 0.0203019 0.0570393 1.22204 0.999986 0.0500001 0 25 -10 
0.988654 -5.97984 0 -3.7872 0.963108 0.389169 0.590317 -0.1 0.592947 -1.06723 3.42116 -0.650038 1.96112 0.57232 -0.485041 -2.54932 0.290746 0.000562346 6.71065e-05 
85.7327 8000 0.0102011 0.0203067 0.0563248 1.22204 0.999988 0.05 0 25 -10 
0.990147 -5.9825 0 -3.79757 0.967378 0.384183 0.589907 -0.1 0.584284 -1.05725 3.40172 -0.66061 1.94782 0.578822 -0.476198 -2.55494 0.290911 0.000488406 5.72273e-05 
85.4564 8000 0.0102009 0.0203111 0.055669 1.22204 0.99999 0.05 0 25 -10 
0.991452 -5.98482 0 -3.80697 0.9712 0.379691 0.589549 -0.1 0.576478 -1.04827 3.38414 -0.670175 1.93577 0.584692 -0.468255 -2.56004 0.291055 0.000423734 4.87744e-05 
85.1732 8000 0.0102008 0.0203152 0.0550696 1.22204 0.999991 0.05 0 25 -10 
0.992592 -5.98685 0 -3.81545 0.974612 0.375656 0.589236 -0.1 0.569462 -1.04021 3.36828 -0.678806 1.92489 0.589976 -0.461135 -2.56466 0.291181 0.000367244 4.15465e-05 
84.8848 8000 0.0102006 0.0203189 0.0545236 1.22204 0.999993 0.05 0 25 -10 
0.993586 -5.98862 0 -3.8231 0.977654 0.372038 0.588962 -0.1 0.563171 -1.033 3.35402 -0.686572 1.91508 0.594723 -0.454769 -2.56884 0.291291 0.000317964 3.53703e-05 
84.5927 8000 0.0102005 0.0203223 0.054028 1.22204 0.999994 0.05 0 25 -10 
0.994452 -5.99016 0 -3.82997 0.980359 0.368803 0.588724 -0.1 0.557544 -1.02655 3.34122 -0.693543 1.90627 0.598975 -0.449088 -2.57259 0.291387 0.000275028 3.0096e-05 
84.2983 8000 0.0102005 0.0203254 0.0535794 1.22204 0.999995 0.05 0 25 -10 
0.995206 -5.99149 0 -3.83612 0.982761 0.365916 0.588517 -0.1 0.552521 -1.02081 3.32977 -0.699784 1.89837 0.602776 -0.444029 -2.57597 0.29147 0.000237664 2.55948e-05 
84.0031 8000 0.0102004 0.0203281 0.0531746 1.22204 0.999996 0.05 0 25 -10 
0.995862 -5.99266 0 -3.84162 0.984889 0.363345 0.588337 -0.1 0.548048 -1.01569 3.31954 -0.705359 1.89131 0.606166 -0.439533 -2.57899 0.291543 0.000205187 2.17555e-05 
83.7084 8000 0.0102003 0.0203306 0.0528104 1.22204 0.999996 0.05 0 25 -10 
0.99643 -5.99367 0 -3.84653 0.986772 0.361061 0.588181 -0.1 0.544071 -1.01115 3.31042 -0.710329 1.88501 0.609183 -0.435545 -2.58169 0.291605 0.000176989 1.84828e-05 
83.4153 8000 0.0102003 0.0203329 0.0524836 1.22204 0.999997 0.05 0 25 -10 
0.996924 -5.99454 0 -3.8509 0.988435 0.359034 0.588045 -0.1 0.540544 -1.00713 3.30232 -0.714749 1.87941 0.611864 -0.432014 -2.58409 0.29166 0.000152534 1.56947e-05 
83.125 8000 0.0102002 0.0203349 0.0521911 1.22204 0.999997 0.05 0 25 -10 
0.997351 -5.9953 0 -3.85478 0.989902 0.35724 0.587928 -0.1 0.53742 -1.00357 3.29512 -0.718672 1.87443 0.61424 -0.428892 -2.58623 0.291707 0.000131347 1.33208e-05 
82.8385 8000 0.0102002 0.0203367 0.0519298 1.22204 0.999998 0.05 0 25 -10 
0.997721 -5.99596 0 -3.85822 0.991193 0.355654 0.587826 -0.1 0.534659 -1.00043 3.28875 -0.722149 1.87001 0.616342 -0.426138 -2.58813 0.291748 0.00011301 1.13006e-05 
82.5567 8000 0.0102002 0.0203383 0.051697 1.22204 0.999998 0.05 0 25 -10 
0.998041 -5.99653 0 -3.86126 0.992327 0.354255 0.587738 -0.1 0.532222 -0.997656 3.28312 -0.725223 1.8661 0.618199 -0.423711 -2.58982 0.291783 9.71548e-05 9.58239e-06 
82.2804 8000 0.0102001 0.0203397 0.0514901 1.22204 0.999998 0.05 0 25 -10 
0.998317 -5.99702 0 -3.86395 0.993324 0.353022 0.587663 -0.1 0.530076 -0.995216 3.27815 -0.727936 1.86265 0.619837 -0.421577 -2.5913 0.291814 8.34593e-05 8.12173e-06 
82.0103 8000 0.0102001 0.020341 0.0513064 1.22204 0.999999 0.05 0 25 -10 
0.998555 -5.99744 0 -3.86632 0.994197 0.351939 0.587597 -0.1 0.528188 -0.993071 3.27377 -0.730328 1.85961 0.621279 -0.419702 -2.59262 0.29184 7.16401e-05 6.88067e-06 
81.7469 8000 0.0102001 0.0203421 0.0511438 1.22204 0.999999 0.05 0 25 -10 
0.998761 -5.9978 0 -3.86841 0.994961 0.350987 0.587541 -0.1 0.52653 -0.991189 3.26991 -0.732432 1.85693 0.622547 -0.418058 -2.59378 0.291863 6.14493e-05 5.82673e-06 
81.4909 8000 0.0102001 0.0203431 0.0510001 1.22204 0.999999 0.05 0 25 -10 
0.998938 -5.99812 0 -3.87024 0.995629 0.350152 0.587492 -0.1 0.525077 -0.989539 3.26653 -0.73428 1.85457 0.623659 -0.416618 -2.5948 0.291883 5.26703e-05 4.93213e-06 
81.2426 8000 0.0102001 0.0203439 0.0508733 1.22204 0.999999 0.05 0 25 -10 
0.99909 -5.99839 0 -3.87185 0.996213 0.349422 0.58745 -0.1 0.523803 -0.988096 3.26356 -0.735901 1.85251 0.624634 -0.415358 -2.59569 0.291899 4.51139e-05 4.17315e-06 
81.0024 8000 0.0102001 0.0203447 0.0507616 1.22204 0.999999 0.05 0 25 -10 
0.999221 -5.99862 0 -3.87326 0.996721 0.348783 0.587414 -0.1 0.52269 -0.986834 3.26096 -0.737321 1.8507 0.625488 -0.414258 -2.59648 0.291914 3.86152e-05 3.52952e-06 
80.7705 8000 0.0102 0.0203454 0.0506633 1.22204 0.999999 0.05 0 25 -10 
0.999334 -5.99882 0 -3.8745 0.997164 0.348225 0.587383 -0.1 0.521718 -0.985733 3.25869 -0.738563 1.84911 0.626233 -0.413298 -2.59716 0.291926 3.30307e-05 2.98396e-06 
80.5472 8000 0.0102 0.020346 0.0505771 1.22204 1 0.05 0 25 -10 
0.999431 -5.99899 0 -3.87558 0.99755 0.347738 0.587356 -0.1 0.52087 -0.984773 3.2567 -0.739648 1.84773 0.626884 -0.412462 -2.59777 0.291937 2.82355e-05 2.52174e-06 
80.3326 8000 0.0102 0.0203465 0.0505015 1.22204 1 0.05 0 25 -10 
0.999514 -5.99914 0 -3.87652 0.997885 0.347314 0.587334 -0.1 0.520131 -0.983937 3.25497 -0.740594 1.84652 0.627452 -0.411734 -2.59829 0.291946 2.41211e-05 2.1303e-06 
80.1267 8000 0.0102 0.020347 0.0504353 1.22204 1 0.05 0 25 -10 
0.999585 -5.99927 0 -3.87734 0.998175 0.346945 0.587314 -0.1 0.519488 -0.983211 3.25346 -0.741419 1.84546 0.627946 -0.411102 -2.59875 0.291954 2.05935e-05 1.79894e-06 
79.9296 8000 0.0102 0.0203474 0.0503775 1.22204 1 0.05 0 25 -10 
0.999646 -5.99937 0 -3.87805 0.998427 0.346624 0.587297 -0.1 0.518929 -0.982579 3.25215 -0.742136 1.84455 0.628376 -0.410553 -2.59915 0.291961 1.75712e-05 1.51856e-06 
79.7412 8000 0.0102 0.0203477 0.050327 1.22204 1 0.05 0 25 -10 
0.999698 -5.99947 0 -3.87867 0.998646 0.346346 0.587283 -0.1 0.518444 -0.982031 3.251 -0.74276 1.84375 0.628749 -0.410076 -2.59949 0.291967 1.49837e-05 1.28142e-06 
79.5615 8000 0.0102 0.020348 0.0502829 1.22204 1 0.05 0 25 -10 
0.999743 -5.99954 0 -3.87921 0.998835 0.346105 0.587271 -0.1 0.518024 -0.981556 3.25001 -0.743302 1.84306 0.629073 -0.409663 -2.5998 0.291972 1.27698e-05 1.08092e-06 
79.3904 8000 0.0102 0.0203483 0.0502446 1.22204 1 0.05 0 25 -10 
0.999781 -5.99961 0 -3.87968 0.998998 0.345896 0.58726 -0.1 0.517659 -0.981145 3.24916 -0.743771 1.84246 0.629354 -0.409306 -2.60006 0.291976 1.08769e-05 9.11475e-07 
79.2278 8000 0.0102 0.0203485 0.0502113 1.22204 1 0.05 0 25 -10 
0.999813 -5.99967 0 -3.88008 0.999139 0.345715 0.587251 -0.1 0.517344 -0.980789 3.24841 -0.744178 1.84193 0.629597 -0.408997 -2.60029 0.291979 9.25955e-06 7.68328e-07 
79.0734 8000 0.0102 0.0203487 0.0501823 1.22204 1 0.05 0 25 -10 
0.999841 -5.99972 0 -3.88043 0.999261 0.345558 0.587244 -0.1 0.517071 -0.980481 3.24777 -0.74453 1.84148 0.629807 -0.40873 -2.60048 0.291982 7.87845e-06 6.47443e-07 
78.9272 8000 0.0102 0.0203489 0.0501572 1.22204 1 0.05 0 25 -10 
0.999865 -5.99976 0 -3.88074 0.999366 0.345423 0.587237 -0.1 0.516836 -0.980215 3.24721 -0.744835 1.84109 0.629989 -0.408499 -2.60065 0.291985 6.69982e-06 5.45397e-07 
78.7888 8000 0.0102 0.0203491 0.0501354 1.22204 1 0.05 0 25 -10 
0.999885 -5.9998 0 -3.881 0.999457 0.345307 0.587232 -0.1 0.516632 -0.979986 3.24673 -0.745098 1.84076 0.630146 -0.4083 -2.6008 0.291987 5.69459e-06 4.59285e-07 
78.6581 8000 0.0102 0.0203492 0.0501165 1.22204 1 0.05 0 25 -10 
0.999902 -5.99983 0 -3.88123 0.999535 0.345206 0.587227 -0.1 0.516457 -0.979789 3.24631 -0.745325 1.84047 0.630281 -0.408129 -2.60093 0.291989 4.83776e-06 3.86646e-07 
78.5348 8000 0.0102 0.0203493 0.0501002 1.22204 1 0.05 0 25 -10 
0.999917 -5.99985 0 -3.88142 0.999602 0.34512 0.587223 -0.1 0.516306 -0.979619 3.24596 -0.74552 1.84021 0.630398 -0.407982 -2.60104 0.291991 4.10783e-06 3.25393e-07 
78.4187 8000 0.0102 0.0203494 0.0500861 1.22204 1 0.05 0 25 -10 
0.99993 -5.99988 0 -3.88159 0.999659 0.345045 0.587219 -0.1 0.516176 -0.979472 3.24565 -0.745689 1.84 0.630498 -0.407855 -2.60113 0.291992 3.48636e-06 2.73759e-07 
78.3095 8000 0.0102 0.0203495 0.0500739 1.22204 1 0.05 0 25 -10 
0.99994 -5.99989 0 -3.88173 0.999709 0.344981 0.587216 -0.1 0.516064 -0.979347 3.24538 -0.745834 1.83981 0.630585 -0.407746 -2.60121 0.291993 2.95752e-06 2.30249e-07 
78.2069 7999.88 0.0102 0.0203496 0.0500634 1.22204 1 0.05 0 25 -10 
0.999949 -5.99991 0 -3.88186 0.999751 0.344926 0.587214 -0.1 0.515968 -0.979239 3.24515 -0.745959 1.83965 0.630659 -0.407652 -2.60128 0.291994 2.50774e-06 1.93596e-07 
78.1108 7998.8 0.0102 0.0203496 0.0500544 1.22204 1 0.05 0 25 -10 
0.999957 -5.99992 0 -3.88197 0.999787 0.344879 0.587212 -0.1 0.515886 -0.979146 3.24496 -0.746066 1.83951 0.630723 -0.407572 -2.60134 0.291995 2.12541e-06 1.6273e-07 
78.0207 7994.44 0.0102 0.0203497 0.0500466 1.22204 1 0.05 0 25 -10 
0.999964 -5.99994 0 -3.88206 0.999819 0.344838 0.58721 -0.1 0.515815 -0.979066 3.24479 -0.746158 1.8394 0.630778 -0.407503 -2.60139 0.291996 1.80057e-06 1.36746e-07 
77.9366 7982.84 0.0102 0.0203497 0.0500399 1.22204 1 0.05 0 25 -10 
0.999969 -5.99995 0 -3.88214 0.999845 0.344803 0.587208 -0.1 0.515754 -0.978998 3.24465 -0.746237 1.8393 0.630825 -0.407444 -2.60144 0.291997 1.52472e-06 1.14878e-07 
77.858 7958.94 0.0102 0.0203498 0.0500341 1.22204 1 0.05 0 25 -10 
0.999974 -5.99995 0 -3.8822 0.999868 0.344773 0.587207 -0.1 0.515702 -0.978939 3.24452 -0.746305 1.83921 0.630865 -0.407393 -2.60148 0.291997 1.29058e-06 9.64808e-08 
77.7848 7917.41 0.0102 0.0203498 0.0500292 1.22204 1 0.05 0 25 -10 
0.999978 -5.99996 0 -3.88226 0.999888 0.344748 0.587206 -0.1 0.515658 -0.978889 3.24442 -0.746363 1.83913 0.6309 -0.40735 -2.60151 0.291998 1.09194e-06 8.10073e-08 
77.7166 7853.28 0.0102 0.0203498 0.0500249 1.22204 1 0.05 0 25 -10 
0.999981 -5.99997 0 -3.88231 0.999904 0.344726 0.587205 -0.1 0.51562 -0.978847 3.24433 -0.746412 1.83907 0.630929 -0.407313 -2.60154 0.291998 9.23504e-07 6.79971e-08 
77.6533 7762.54 0.0102 0.0203499 0.0500213 1.22204 1 0.05 0 25 -10 
0.999984 -5.99997 0 -3.88235 0.999919 0.344707 0.587204 -0.1 0.515587 -0.97881 3.24425 -0.746455 1.83902 0.630955 -0.407281 -2.60156 0.291998 7.80735e-07 5.70612e-08 
77.5945 7642.42 0.0102 0.0203499 0.0500182 1.22204 1 0.05 0 25 -10 
0.999987 -5.99998 0 -3.88239 0.999931 0.344691 0.587204 -0.1 0.515559 -0.978779 3.24418 -0.746491 1.83897 0.630976 -0.407254 -2.60158 0.291999 6.59779e-07 4.78716e-08 
77.5401 7491.57 0.0102 0.0203499 0.0500155 1.22204 1 0.05 0 25 -10 
0.999989 -5.99998 0 -3.88242 0.999941 0.344678 0.587203 -0.1 0.515536 -0.978752 3.24412 -0.746522 1.83893 0.630995 -0.407231 -2.6016 0.291999 5.57348e-07 4.01517e-08 
77.4898 7309.97 0.0102 0.0203499 0.0500132 1.22204 1 0.05 0 25 -10 
0.999991 -5.99998 0 -3.88245 0.99995 0.344666 0.587203 -0.1 0.515515 -0.978729 3.24408 -0.746549 1.83889 0.63101 -0.407212 -2.60161 0.291999 4.70643e-07 3.36682e-08 
77.4434 7098.87 0.0102 0.0203499 0.0500112 1.22204 1 0.05 0 25 -10 
0.999992 -5.99999 0 -3.88247 0.999958 0.344656 0.587202 -0.1 0.515498 -0.97871 3.24403 -0.746571 1.83887 0.631024 -0.407195 -2.60163 0.291999 3.97279e-07 2.82245e-08 
77.4007 6860.56 0.0102 0.0203499 0.0500096 1.22204 1 0.05 0 25 -10 
0.999993 -5.99999 0 -3.88249 0.999964 0.344648 0.587202 -0.1 0.515483 -0.978693 3.244 -0.746591 1.83884 0.631035 -0.407181 -2.60164 0.291999 3.35229e-07 2.36553e-08 
77.3615 6598.16 0.0102 0.0203499 0.0500081 1.22204 1 0.05 0 25 -10 
0.999994 -5.99999 0 -3.88251 0.999969 0.344641 0.587202 -0.1 0.515471 -0.978679 3.24397 -0.746607 1.83882 0.631045 -0.407168 -2.60165 0.291999 2.8277e-07 1.98209e-08 
77.3254 6315.32 0.0102 0.02035 0.0500069 1.22204 1 0.05 0 25 -10 
0.999995 -5.99999 0 -3.88252 0.999974 0.344634 0.587201 -0.1 0.51546 -0.978667 3.24394 -0.746621 1.8388 0.631053 -0.407158 -2.60166 0.291999 2.38437e-07 1.66041e-08 
77.2925 6016.1 0.0102 0.02035 0.0500059 1.22204 1 0.05 0 25 -10 
0.999996 -5.99999 0 -3.88253 0.999978 0.344629 0.587201 -0.1 0.515451 -0.978657 3.24392 -0.746633 1.83879 0.63106 -0.407149 -2.60166 0.292 2.00986e-07 1.39062e-08 
77.2625 5704.65 0.0102 0.02035 0.050005 1.22204 1 0.05 0 25 -10 
0.999997 -5.99999 0 -3.88254 0.999981 0.344625 0.587201 -0.1 0.515443 -0.978648 3.2439 -0.746643 1.83877 0.631066 -0.407142 -2.60167 0.292 1.6936e-07 1.16439e-08 
77.2351 5385.12 0.0102 0.02035 0.0500043 1.22204 1 0.05 0 25 -10 
0.999997 -5.99999 0 -3.88255 0.999984 0.344621 0.587201 -0.1 0.515437 -0.978641 3.24389 -0.746652 1.83876 0.631071 -0.407135 -2.60167 0.292 1.42663e-07 9.74744e-09 
77.2103 5061.49 0.0102 0.02035 0.0500036 1.22204 1 0.05 0 25 -10 
0.999998 -6 0 -3.88256 0.999987 0.344618 0.587201 -0.1 0.515431 -0.978635 3.24387 -0.746659 1.83875 0.631076 -0.40713 -2.60168 0.292 1.20135e-07 8.15803e-09 
77.1879 4737.45 0.0102 0.02035 0.0500031 1.22204 1 0.05 0 25 -10 
0.999998 -6 0 -3.88257 0.999989 0.344615 0.587201 -0.1 0.515426 -0.978629 3.24386 -0.746665 1.83874 0.63108 -0.407125 -2.60168 0.292 1.01133e-07 6.82628e-09 
77.1678 4416.34 0.0102 0.02035 0.0500026 1.22204 1 0.05 0 25 -10 
0.999998 -6 0 -3.88257 0.99999 0.344613 0.5872 -0.1 0.515422 -0.978625 3.24385 -0.746671 1.83874 0.631083 -0.407121 -2.60168 0.292 8.51095e-08 5.71069e-09 
77.1497 4101.12 0.0102 0.02035 0.0500022 1.22204 1 0.05 0 25 -10 
0.999999 -6 0 -3.88258 0.999992 0.344611 0.5872 -0.1 0.515419 -0.978621 3.24385 -0.746675 1.83873 0.631085 -0.407118 -2.60169 0.292 7.16027e-08 4.7764e-09 
77.1336 3794.3 0.0102 0.02035 0.0500019 1.22204 1 0.05 0 25 -10 
0.999999 -6 0 -3.88258 0.999993 0.344609 0.5872 -0.1 0.515416 -0.978618 3.24384 -0.746679 1.83873 0.631088 -0.407115 -2.60169 0.292 6.02212e-08 3.99411e-09 
77.1193 3498 0.0102 0.02035 0.0500016 1.22204 1 0.05 0 25 -10 
0.999999 -6 0 -3.88258 0.999994 0.344608 0.5872 -0.1 0.515413 -0.978615 3.24383 -0.746682 1.83872 0.63109 -0.407113 -2.60169 0.292 5.06337e-08 3.33925e-09 
77.1067 3213.88 0.0102 0.02035 0.0500013 1.22204 1 0.05 0 25 -10 
0.999999 -6 0 -3.88258 0.999995 0.344607 0.5872 -0.1 0.515411 -0.978613 3.24383 -0.746685 1.83872 0.631091 -0.407111 -2.60169 0.292 4.25601e-08 2.79119e-09 
77.0957 2943.24 0.0102 0.02035 0.0500011 1.22204 1 0.05 0 25 -10 
0.999999 -6 0 -3.88259 0.999996 0.344606 0.5872 -0.1 0.51541 -0.978611 3.24382 -0.746687 1.83872 0.631093 -0.407109 -2.60169 0.292 3.57636e-08 2.33261e-09 
77.0862 2687 0.0102 0.02035 0.050001 1.22204 1 0.05 0 25 -10 
0.999999 -6 0 -3.88259 0.999997 0.344605 0.5872 -0.1 0.515408 -0.978609 3.24382 -0.746689 1.83871 0.631094 -0.407108 -2.60169 0.292 3.00439e-08 1.94898e-09 
77.0781 2445.77 0.0102 0.02035 0.0500008 1.22204 1 0.05 0 25 -10 
0.999999 -6 0 -3.88259 0.999997 0.344604 0.5872 -0.1 0.515407 -0.978608 3.24382 -0.746691 1.83871 0.631095 -0.407107 -2.60169 0.292 2.52319e-08 1.62813e-09 
77.0712 2219.85 0.0102 0.02035 0.0500007 1.22204 1 0.05 0 25 -10 
1 -6 0 -3.88259 0.999998 0.344603 0.5872 -0.1 0.515406 -0.978606 3.24381 -0.746692 1.83871 0.631095 -0.407106 -2.6017 0.292 2.11849e-08 1.35983e-09 
77.0656 2009.3 0.0102 0.02035 0.0500006 1.22204 1 0.05 0 25 -10 
1 -6 0 -3.88259 0.999998 0.344603 0.5872 -0.1 0.515405 -0.978605 3.24381 -0.746694 1.83871 0.631096 -0.407105 -2.6017 0.292 1.77821e-08 1.13552e-09 
77.061 1813.97 0.0102 0.02035 0.0500005 1.22204 1 0.05 0 25 -10 
1 -6 0 -3.88259 0.999998 0.344602 0.5872 -0.1 0.515404 -0.978605 3.24381 -0.746695 1.83871 0.631097 -0.407104 -2.6017 0.292 1.4922e-08 9.48042e-10 
77.0575 1633.53 0.0102 0.02035 0.0500004 1.22204 1 0.05 0 25 -10 
1 -6 0 -3.8826 0.999999 0.344602 0.5872 -0.1 0.515403 -0.978604 3.24381 -0.746695 1.83871 0.631097 -0.407103 -2.6017 0.292 1.25186e-08 7.91366e-10 
77.055 1467.5 0.0102 0.02035 0.0500003 1.22204 1 0.05 0 25 -10 
1 -6 0 -3.8826 0.999999 0.344602 0.5872 -0.1 0.515403 -0.978603 3.24381 -0.746696 1.8387 0.631098 -0.407103 -2.6017 0.292 1.04997e-08 6.60462e-10 
77.0533 1315.32 0.0102 0.02035 0.0500003 1.22204 1 0.05 0 25 -10 
1 -6 0 -3.8826 0.999999 0.344601 0.5872 -0.1 0.515402 -0.978603 3.24381 -0.746697 1.8387 0.631098 -0.407102 -2.6017 0.292 8.80408e-09 5.51111e-10 
77.0525 1176.32 0.0102 0.02035 0.0500002 1.22204 1 0.05 0 25 -10 
1 -6 0 -3.8826 0.999999 0.344601 0.5872 -0.1 0.515402 -0.978602 3.24381 -0.746697 1.8387 0.631098 -0.407102 -2.6017 0.292 7.38047e-09 4.59783e-10 
77.0524 1049.77 0.0102 0.02035 0.0500002 1.22204 1 0.05 0 25 -10 
1 -6 0 -3.8826 0.999999 0.344601 0.5872 -0.1 0.515402 -0.978602 3.2438 -0.746698 1.8387 0.631099 -0.407102 -2.6017 0.292 6.18555e-09 3.83522e-10 
77.0531 934.94 0.0102 0.02035 0.0500002 1.22204 1 0.05 0 25 -10 
1 -6 0 -3.8826 0.999999 0.344601 0.5872 -0.1 0.515401 -0.978602 3.2438 -0.746698 1.8387 0.631099 -0.407101 -2.6017 0.292 5.18284e-09 3.19854e-10 
77.0543 831.04 0.0102 0.02035 0.0500001 1.22204 1 0.05 0 25 -10 
1 -6 0 -3.8826 0.999999 0.344601 0.5872 -0.1 0.515401 -0.978601 3.2438 -0.746698 1.8387 0.631099 -0.407101 -2.6017 0.292 4.34164e-09 2.66709e-10 
77.0562 737.299 0.0102 0.02035 0.0500001 1.22204 1 0.05 0 25 -10 
1 -6 0 -3.8826 1 0.344601 0.5872 -0.1 0.515401 -0.978601 3.2438 -0.746699 1.8387 0.631099 -0.407101 -2.6017 0.292 3.63612e-09 2.22357e-10 
77.0587 652.95 0.0102 0.02035 0.0500001 1.22204 1 0.05 0 25 -10 
1 -6 0 -3.8826 0.999999 0.344601 0.5872 -0.1 0.515401 -0.978601 3.2438 -0.746699 1.8387 0.631099 -0.407101 -2.6017 0.292 3.61495e-08 1.35611e-08 
77.0617 577.246 0.0102 0.02035 0.0500001 1.22204 1 0.05 0 25 -10 
0.999996 -5.99999 0 -3.8826 0.999987 0.344607 0.587195 -0.1 0.515408 -0.97861 3.24382 -0.746703 1.83872 0.631088 -0.407112 -2.60169 0.292 2.49592e-06 1.00758e-06 
77.0651 509.465 0.0102 0.02035 0.0500001 1.22204 1 0.05 0 25 -10 
0.999959 -5.99993 0 -3.88265 0.999868 0.344665 0.587152 -0.1 0.515472 -0.978696 3.244 -0.746743 1.83888 0.630986 -0.407219 -2.60164 0.292001 2.50792e-05 1.01323e-05 
77.069 448.917 0.0102 0.02035 0.0500001 1.22204 1 0.05 0 25 -10 
0.999799 -5.99965 0 -3.88286 0.999363 0.344913 0.586967 -0.1 0.515744 -0.97906 3.24477 -0.746913 1.83959 0.630551 -0.407673 -2.60141 0.292002 0.000121431 4.90625e-05 
77.0734 394.951 0.0102 0.02035 0.0500001 1.22204 1 0.05 0 25 -10 
0.999361 -5.99888 0 -3.88343 0.997973 0.345597 0.58646 -0.1 0.516493 -0.980063 3.24687 -0.747378 1.84153 0.629353 -0.408922 -2.60079 0.292008 0.000386438 0.000156136 
77.078 346.951 0.0102 0.02035 0.05 1.22204 1 0.05 0 25 -10 
0.998441 -5.99727 0 -3.88462 0.995052 0.347033 0.585393 -0.1 0.518067 -0.982172 3.25129 -0.748357 1.84562 0.626835 -0.411548 -2.59948 0.292019 0.000943398 0.000381171 
77.0831 304.345 0.0102 0.02035 0.05 1.22204 1 0.05 0 25 -10 
0.996819 -5.99443 0 -3.88672 0.989904 0.349564 0.583513 -0.1 0.520842 -0.985888 3.25909 -0.750082 1.85281 0.622397 -0.416176 -2.59718 0.292039 0.00192504 0.000777792 
77.0884 266.597 0.0102 0.02035 0.05 1.22204 1 0.05 0 25 -10 
0.99429 -5.99 0 -3.89 0.981877 0.353511 0.580582 -0.1 0.525168 -0.991683 3.27125 -0.752771 1.86403 0.615478 -0.423392 -2.59358 0.29207 0.00345558 0.00139619 
77.0941 233.217 0.0102 0.02035 0.05 1.22204 1 0.05 0 25 -10 
0.990684 -5.98368 0 -3.89468 0.970436 0.359137 0.576404 -0.1 0.531335 -0.999942 3.28858 -0.756605 1.88003 0.605616 -0.433677 -2.58846 0.292114 0.00563714 0.00227763 
77.1 203.75 0.0102 0.02035 0.05 1.22204 1 0.05 0 25 -10 
0.985885 -5.97528 0 -3.9009 0.955206 0.366626 0.570842 -0.1 0.539544 -1.01094 3.31165 -0.761707 1.90131 0.592488 -0.447369 -2.58164 0.292173 0.00854116 0.00345098 
77.1061 177.782 0.0102 0.02035 0.05 1.22204 1 0.05 0 25 -10 
0.979831 -5.96467 0 -3.90875 0.935993 0.376074 0.563826 -0.1 0.5499 -1.02481 3.34075 -0.768144 1.92817 0.575926 -0.464641 -2.57303 0.292247 0.0122048 0.00493123 
77.1125 154.935 0.0102 0.02035 0.05 1.22204 1 0.05 0 25 -10 
0.972517 -5.95186 0 -3.91823 0.91278 0.387488 0.555349 -0.1 0.562412 -1.04156 3.37591 -0.775922 1.96062 0.555916 -0.485509 -2.56263 0.292336 0.016631 0.00671959 
77.1191 134.865 0.0102 0.02035 0.05 1.22204 1 0.05 0 25 -10 
0.963989 -5.93693 0 -3.92929 0.885715 0.400796 0.545466 -0.1 0.577 -1.0611 3.4169 -0.784989 1.99845 0.532587 -0.50984 -2.55051 0.29244 0.0217916 0.00880467 
77.1259 117.26 0.0102 0.02035 0.05 1.22204 1 0.05 0 25 -10 
0.954338 -5.92002 0 -3.9418 0.855086 0.415857 0.534281 -0.1 0.593509 -1.08321 3.46329 -0.795251 2.04126 0.506184 -0.537375 -2.53679 0.292558 0.0276319 0.0111644 
77.1329 101.841 0.0102 0.02035 0.05 1.22204 1 0.05 0 25 -10 
0.943687 -5.90137 0 -3.95561 0.821287 0.432477 0.521938 -0.1 0.611727 -1.10761 3.51449 -0.806575 2.08851 0.477049 -0.56776 -2.52165 0.292688 0.0340767 0.0137684 
77.14 88.3549 0.0102 0.02035 0.05 1.22204 1 0.05 0 25 -10 
0.932187 -5.88122 0 -3.97052 0.78479 0.450423 0.50861 -0.1 0.631399 -1.13396 3.56977 -0.818803 2.13953 0.445589 -0.600569 -2.50531 0.292829 0.0410358 0.0165801 
77.1473 76.5749 0.0102 0.02035 0.05 1.22204 1 0.05 0 25 -10 
0.920001 -5.85988 0 -3.98631 0.746116 0.469439 0.494487 -0.1 0.652244 -1.16187 3.62834 -0.83176 2.19359 0.412252 -0.635336 -2.48799 0.292978 0.0484101 0.0195596 
77.1548 66.2986 0.0102 0.02035 0.05 1.22204 1 0.05 0 25 -10 
0.907299 -5.83763 0 -4.00278 0.705806 0.489261 0.479767 -0.1 0.673971 -1.19097 3.6894 -0.845265 2.24993 0.377505 -0.671574 -2.46993 0.293133 0.0560963 0.0226652 
77.1623 57.3452 0.0102 0.02035 0.05 1.22204 1 0.05 0 25 -10 
0.894252 -5.81478 0 -4.0197 0.664399 0.509621 0.464646 -0.1 0.69629 -1.22086 3.75211 -0.859138 2.30781 0.341812 -0.708798 -2.45138 0.293293 0.0639917 0.0258552 
77.17 49.554 0.0102 0.02035 0.05 1.22204 1 0.05 0 25 -10 
0.881022 -5.79161 0 -4.03685 0.622413 0.530266 0.449314 -0.1 0.71892 -1.25117 3.81571 -0.873205 2.3665 0.305621 -0.746543 -2.43258 0.293454 0.0719974 0.0290899 
77.1778 42.7818 0.0102 0.02035 0.05 1.22204 1 0.05 0 25 -10 
0.867763 -5.76838 0 -4.05404 0.580333 0.550958 0.433947 -0.1 0.741601 -1.28155 3.87944 -0.887303 2.42532 0.269347 -0.784372 -2.41373 0.293617 0.0800212 0.0323318 
77.1856 36.9021 0.0102 0.02035 0.05 1.22204 1 0.05 0 25 -10 
0.854612 -5.74535 0 -4.07109 0.538597 0.57148 0.418706 -0.1 0.764097 -1.31168 3.94266 -0.901286 2.48366 0.233371 -0.821892 -2.39504 0.293777 0.0879794 0.0355472 
77.1936 31.8028 0.0102 0.02035 0.05 1.22204 1 0.05 0 25 -10 
0.841691 -5.72272 0 -4.08784 0.497593 0.591643 0.403732 -0.1 0.786199 -1.34128 4.00477 -0.915024 2.54098 0.198025 -0.858754 -2.37667 0.293935 0.095798 0.0387063 
77.2017 27.385 0.0102 0.02035 0.05 1.22204 1 0.05 0 25 -10 
0.829106 -5.70067 0 -4.10416 0.457653 0.611282 0.389147 -0.1 0.807727 -1.37011 4.06526 -0.928405 2.59681 0.163597 -0.894659 -2.35878 0.294089 0.103414 0.0417833 
77.2098 23.5615 0.0102 0.02035 0.05 1.22204 1 0.05 0 25 -10 
0.816944 -5.67937 0 -4.11992 0.419055 0.630261 0.375052 -0.1 0.828531 -1.39797 4.12372 -0.941337 2.65076 0.130326 -0.929358 -2.34149 0.294238 0.110773 0.044757 
77.218 20.2556 0.0102 0.02035 0.05 1.22204 1 0.05 0 25 -10 
0.805275 -5.65893 0 -4.13505 0.382022 0.648471 0.361528 -0.1 0.848492 -1.42471 4.17981 -0.953744 2.70252 0.0984032 -0.96265 -2.32491 0.294381 0.117835 0.04761 
77.2262 17.4001 0.0102 0.02035 0.05 1.22204 1 0.05 0 25 -10 
0.794153 -5.63945 0 -4.14947 0.346726 0.665827 0.348639 -0.1 0.867516 -1.45019 4.23327 -0.96557 2.75186 0.0679781 -0.99438 -2.3091 0.294516 0.124565 0.0503293 
77.2345 14.9357 0.0102 0.02035 0.05 1.22204 1 0.05 0 25 -10 
0.783618 -5.621 0 -4.16313 0.313291 0.682267 0.336429 -0.1 0.885538 -1.47432 4.28392 -0.976771 2.7986 0.0391573 -1.02444 -2.29412 0.294645 0.13094 0.0529052 
77.2429 12.8109 0.0102 0.02035 0.05 1.22204 1 0.05 0 25 -10 
0.773695 -5.60362 0 -4.17599 0.281799 0.697753 0.324929 -0.1 0.902512 -1.49706 4.33162 -0.987322 2.84262 0.0120109 -1.05275 -2.28002 0.294767 0.136945 0.0553314 
77.2513 10.9806 0.0102 0.02035 0.05 1.22204 1 0.05 0 25 -10 
0.764397 -5.58733 0 -4.18805 0.252292 0.712262 0.314154 -0.1 0.918416 -1.51836 4.37631 -0.997208 2.88386 -0.0134238 -1.07927 -2.2668 0.29488 0.142571 0.0576046 
