# The first two lines (below the comment lines) indicate the name of the vocal fold model and the number of states.
# The following lines contain the control parameters of the vocal folds and the vocal tract (states)
# in steps of 110 audio samples (corresponding to about 2.5 ms for the sampling rate of 44100 Hz).
# For every step, there is one line with the vocal fold parameters followed by
# one line with the vocal tract parameters.
# 
Geometric glottis
339
81.3366 0.0 0.0998 0.0998 0.1 1.22204 0.0 0.054000000000000006 0 0 -10 
0.1076 -3.5838 0 -3.1552 0.0718 0.9937 0.8 -0.1 0.3087 -0.8529 4.0864 -1.126 2.6755 0.4215 -2.2342 -2.7735 0.2064 0.0 0.0 
81.3366 0.0 0.0998 0.0998 0.1 1.22204 0.0 0.054000000000000006 0 0 -10 
0.1076 -3.5838 0 -3.1552 0.0718 0.9937 0.8 -0.1 0.3087 -0.8529 4.0864 -1.126 2.6755 0.4215 -2.2342 -2.7735 0.2064 0.0 0.0 
81.3366 0.0 0.0998 0.0998 0.1 1.22204 0.0 0.054000000000000006 0 0 -10 
0.1076 -3.5838 0 -3.1552 0.0718 0.9937 0.8 -0.1 0.3087 -0.8529 4.0864 -1.126 2.6755 0.4215 -2.2342 -2.7735 0.2064 0.0 0.0 
81.3366 0.0 0.0998 0.0998 0.1 1.22204 0.0 0.054000000000000006 0 0 -10 
0.1076 -3.5838 0 -3.1552 0.0718 0.9937 0.8 -0.1 0.3087 -0.8529 4.0864 -1.126 2.6755 0.4215 -2.2342 -2.7735 0.2064 0.0 0.0 
81.3366 0.0 0.0998 0.0998 0.1 1.22204 0.0 0.054000000000000006 0 0 -10 
0.1076 -3.5838 0 -3.1552 0.0718 0.9937 0.8 -0.1 0.3087 -0.8529 4.0864 -1.126 2.6755 0.4215 -2.2342 -2.7735 0.2064 0.0 0.0 
81.3366 0.0 0.0998 0.0998 0.1 1.22204 0.0 0.054000000000000006 0 0 -10 
0.1076 -3.5838 0 -3.1552 0.0718 0.9937 0.8 -0.1 0.3087 -0.8529 4.0864 -1.126 2.6755 0.4215 -2.2342 -2.7735 0.2064 0.0 0.0 
81.3366 0.0 0.0998 0.0998 0.1 1.22204 0.0 0.054000000000000006 0 0 -10 
0.1076 -3.5838 0 -3.1552 0.0718 0.9937 0.8 -0.1 0.3087 -0.8529 4.0864 -1.126 2.6755 0.4215 -2.2342 -2.7735 0.2064 0.0 0.0 
81.3366 0.0 0.0998 0.0998 0.1 1.22204 0.0 0.054000000000000006 0 0 -10 
0.1076 -3.5838 0 -3.1552 0.0718 0.9937 0.8 -0.1 0.3087 -0.8529 4.0864 -1.126 2.6755 0.4215 -2.2342 -2.7735 0.2064 0.0 0.0 
81.3366 0.0 0.0998 0.0998 0.1 1.22204 0.0 0.054000000000000006 0 0 -10 
0.1076 -3.5838 0 -3.1552 0.0718 0.9937 0.8 -0.1 0.3087 -0.8529 4.0864 -1.126 2.6755 0.4215 -2.2342 -2.7735 0.2064 0.0 0.0 
81.3366 0.0 0.0998 0.0998 0.1 1.22204 0.0 0.054000000000000006 0 0 -10 
0.1076 -3.5838 0 -3.1552 0.0718 0.9937 0.8 -0.1 0.3087 -0.8529 4.0864 -1.126 2.6755 0.4215 -2.2342 -2.7735 0.2064 0.0 0.0 
81.3366 0.0 0.0998 0.0998 0.1 1.22204 0.0 0.054000000000000006 0 0 -10 
0.1076 -3.5838 0 -3.1552 0.0718 0.9937 0.8 -0.1 0.3087 -0.8529 4.0864 -1.126 2.6755 0.4215 -2.2342 -2.7735 0.2064 0.0 0.0 
81.3366 0.0 0.0998 0.0998 0.1 1.22204 0.0 0.054000000000000006 0 0 -10 
0.1076 -3.5838 0 -3.1552 0.0718 0.9937 0.8 -0.1 0.3087 -0.8529 4.0864 -1.126 2.6755 0.4215 -2.2342 -2.7735 0.2064 0.0 0.0 
81.3366 0.0 0.0998 0.0998 0.1 1.22204 0.0 0.054000000000000006 0 0 -10 
0.1076 -3.5838 0 -3.1552 0.0718 0.9937 0.8 -0.1 0.3087 -0.8529 4.0864 -1.126 2.6755 0.4215 -2.2342 -2.7735 0.2064 0.0 0.0 
81.3366 0.0 0.0998 0.0998 0.1 1.22204 0.0 0.054000000000000006 0 0 -10 
0.1076 -3.5838 0 -3.1552 0.0718 0.9937 0.8 -0.1 0.3087 -0.8529 4.0864 -1.126 2.6755 0.4215 -2.2342 -2.7735 0.2064 0.0 0.0 
81.3366 0.0 0.0998 0.0998 0.1 1.22204 0.0 0.054000000000000006 0 0 -10 
0.1076 -3.5838 0 -3.1552 0.0718 0.9937 0.8 -0.1 0.3087 -0.8529 4.0864 -1.126 2.6755 0.4215 -2.2342 -2.7735 0.2064 0.0 0.0 
81.3366 0.0 0.0998 0.0998 0.1 1.22204 0.0 0.054000000000000006 0 0 -10 
0.1076 -3.5838 0 -3.1552 0.0718 0.9937 0.8 -0.1 0.3087 -0.8529 4.0864 -1.126 2.6755 0.4215 -2.2342 -2.7735 0.2064 0.0 0.0 
81.3366 0.0 0.0998 0.0998 0.1 1.22204 0.0 0.054000000000000006 0 0 -10 
0.1076 -3.5838 0 -3.1552 0.0718 0.9937 0.8 -0.1 0.3087 -0.8529 4.0864 -1.126 2.6755 0.4215 -2.2342 -2.7735 0.2064 0.0 0.0 
81.3366 0.0 0.0998 0.0998 0.1 1.22204 0.0 0.054000000000000006 0 0 -10 
0.1076 -3.5838 0 -3.1552 0.0718 0.9937 0.8 -0.1 0.3087 -0.8529 4.0864 -1.126 2.6755 0.4215 -2.2342 -2.7735 0.2064 0.0 0.0 
81.3366 0.0 0.0998 0.0998 0.1 1.22204 0.0 0.054000000000000006 0 0 -10 
0.1076 -3.5838 0 -3.1552 0.0718 0.9937 0.8 -0.1 0.3087 -0.8529 4.0864 -1.126 2.6755 0.4215 -2.2342 -2.7735 0.2064 0.0 0.0 
81.3366 0.0 0.0998 0.0998 0.1 1.22204 0.0 0.054000000000000006 0 0 -10 
0.1076 -3.5838 0 -3.1552 0.0718 0.9937 0.8 -0.1 0.3087 -0.8529 4.0864 -1.126 2.6755 0.4215 -2.2342 -2.7735 0.2064 0.0 0.0 
81.3366 0.0 0.0998 0.0998 0.1 1.22204 0.0 0.054000000000000006 0 0 -10 
0.1076 -3.5838 0 -3.1552 0.0718 0.9937 0.8 -0.1 0.3087 -0.8529 4.0864 -1.126 2.6755 0.4215 -2.2342 -2.7735 0.2064 0.0 0.0 
81.3366 0.0 0.0998 0.0998 0.1 1.22204 0.0 0.054000000000000006 0 0 -10 
0.1076 -3.5838 0 -3.1552 0.0718 0.9937 0.8 -0.1 0.3087 -0.8529 4.0864 -1.126 2.6755 0.4215 -2.2342 -2.7735 0.2064 0.0 0.0 
81.3366 0.0 0.0998 0.0998 0.1 1.22204 0.0 0.054000000000000006 0 0 -10 
0.1076 -3.5838 0 -3.1552 0.0718 0.9937 0.8 -0.1 0.3087 -0.8529 4.0864 -1.126 2.6755 0.4215 -2.2342 -2.7735 0.2064 0.0 0.0 
81.3366 0.0 0.0998 0.0998 0.1 1.22204 0.0 0.054000000000000006 0 0 -10 
0.1076 -3.5838 0 -3.1552 0.0718 0.9937 0.8 -0.1 0.3087 -0.8529 4.0864 -1.126 2.6755 0.4215 -2.2342 -2.7735 0.2064 0.0 0.0 
81.3366 0.0 0.0998 0.0998 0.1 1.22204 0.0 0.054000000000000006 0 0 -10 
0.1076 -3.5838 0 -3.1552 0.0718 0.9937 0.8 -0.1 0.3087 -0.8529 4.0864 -1.126 2.6755 0.4215 -2.2342 -2.7735 0.2064 0.0 0.0 
81.3366 0.0 0.0998 0.0998 0.1 1.22204 0.0 0.054000000000000006 0 0 -10 
0.1076 -3.5838 0 -3.1552 0.0718 0.9937 0.8 -0.1 0.3087 -0.8529 4.0864 -1.126 2.6755 0.4215 -2.2342 -2.7735 0.2064 0.0 0.0 
81.3366 0.0 0.0998 0.0998 0.1 1.22204 0.0 0.054000000000000006 0 0 -10 
0.1076 -3.5838 0 -3.1552 0.0718 0.9937 0.8 -0.1 0.3087 -0.8529 4.0864 -1.126 2.6755 0.4215 -2.2342 -2.7735 0.2064 0.0 0.0 
81.3366 0.0 0.0998 0.0998 0.1 1.22204 0.0 0.054000000000000006 0 0 -10 
0.1076 -3.5838 0 -3.1552 0.0718 0.9937 0.8 -0.1 0.3087 -0.8529 4.0864 -1.126 2.6755 0.4215 -2.2342 -2.7735 0.2064 0.0 0.0 
81.3366 0.0 0.0998 0.0998 0.1 1.22204 0.0 0.054000000000000006 0 0 -10 
0.1076 -3.5838 0 -3.1552 0.0718 0.9937 0.8 -0.1 0.3087 -0.8529 4.0864 -1.126 2.6755 0.4215 -2.2342 -2.7735 0.2064 0.0 0.0 
81.3366 0.0 0.0998 0.0998 0.1 1.22204 0.0 0.054000000000000006 0 0 -10 
0.1076 -3.5838 0 -3.1552 0.0718 0.9937 0.8 -0.1 0.3087 -0.8529 4.0864 -1.126 2.6755 0.4215 -2.2342 -2.7735 0.2064 0.0 0.0 
81.3366 0.0 0.0998 0.0998 0.1 1.22204 0.0 0.054000000000000006 0 0 -10 
0.1076 -3.5838 0 -3.1552 0.0718 0.9937 0.8 -0.1 0.3087 -0.8529 4.0864 -1.126 2.6755 0.4215 -2.2342 -2.7735 0.2064 0.0 0.0 
81.3366 0.0 0.0998 0.0998 0.1 1.22204 0.0 0.054000000000000006 0 0 -10 
0.1076 -3.5838 0 -3.1552 0.0718 0.9937 0.8 -0.1 0.3087 -0.8529 4.0864 -1.126 2.6755 0.4215 -2.2342 -2.7735 0.2064 0.0 0.0 
81.3366 0.0 0.0998 0.0998 0.1 1.22204 0.0 0.054000000000000006 0 0 -10 
0.1076 -3.5838 0 -3.1552 0.0718 0.9937 0.8 -0.1 0.3087 -0.8529 4.0864 -1.126 2.6755 0.4215 -2.2342 -2.7735 0.2064 0.0 0.0 
81.3366 0.0 0.0998 0.0998 0.1 1.22204 0.0 0.054000000000000006 0 0 -10 
0.1076 -3.5838 0 -3.1552 0.0718 0.9937 0.8 -0.1 0.3087 -0.8529 4.0864 -1.126 2.6755 0.4215 -2.2342 -2.7735 0.2064 0.0 0.0 
81.3366 0.0 0.0998 0.0998 0.1 1.22204 0.0 0.054000000000000006 0 0 -10 
0.1076 -3.5838 0 -3.1552 0.0718 0.9937 0.8 -0.1 0.3087 -0.8529 4.0864 -1.126 2.6755 0.4215 -2.2342 -2.7735 0.2064 0.0 0.0 
81.3366 0.0 0.0998 0.0998 0.1 1.22204 0.0 0.054000000000000006 0 0 -10 
0.1076 -3.5838 0 -3.1552 0.0718 0.9937 0.8 -0.1 0.3087 -0.8529 4.0864 -1.126 2.6755 0.4215 -2.2342 -2.7735 0.2064 0.0 0.0 
81.3366 0.0 0.0998 0.0998 0.1 1.22204 0.0 0.054000000000000006 0 0 -10 
0.1076 -3.5838 0 -3.1552 0.0718 0.9937 0.8 -0.1 0.3087 -0.8529 4.0864 -1.126 2.6755 0.4215 -2.2342 -2.7735 0.2064 0.0 0.0 
81.3366 0.0 0.0998 0.0998 0.1 1.22204 0.0 0.054000000000000006 0 0 -10 
0.1076 -3.5838 0 -3.1552 0.0718 0.9937 0.8 -0.1 0.3087 -0.8529 4.0864 -1.126 2.6755 0.4215 -2.2342 -2.7735 0.2064 0.0 0.0 
81.3366 0.0 0.0998 0.0998 0.1 1.22204 0.0 0.054000000000000006 0 0 -10 
0.1076 -3.5838 0 -3.1552 0.0718 0.9937 0.8 -0.1 0.3087 -0.8529 4.0864 -1.126 2.6755 0.4215 -2.2342 -2.7735 0.2064 0.0 0.0 
81.3366 0.0 0.0998 0.0998 0.1 1.22204 0.0 0.054000000000000006 0 0 -10 
0.1076 -3.5838 0 -3.1552 0.0718 0.9937 0.8 -0.1 0.3087 -0.8529 4.0864 -1.126 2.6755 0.4215 -2.2342 -2.7735 0.2064 0.0 0.0 
81.3366 0.0 0.0998 0.0998 0.1 1.22204 0.0 0.054000000000000006 0 0 -10 
0.1076 -3.5838 0 -3.1552 0.0718 0.9937 0.8 -0.1 0.3087 -0.8529 4.0864 -1.126 2.6755 0.4215 -2.2342 -2.7735 0.2064 0.0 0.0 
81.3366 0.0 0.0998 0.0998 0.1 1.22204 0.0 0.054000000000000006 0 0 -10 
0.1076 -3.5838 0 -3.1552 0.0718 0.9937 0.8 -0.1 0.3087 -0.8529 4.0864 -1.126 2.6755 0.4215 -2.2342 -2.7735 0.2064 0.0 0.0 
81.3366 0.0 0.0998 0.0998 0.1 1.22204 0.0 0.054000000000000006 0 0 -10 
0.1076 -3.5838 0 -3.1552 0.0718 0.9937 0.8 -0.1 0.3087 -0.8529 4.0864 -1.126 2.6755 0.4215 -2.2342 -2.7735 0.2064 0.0 0.0 
81.3366 0.0 0.0998 0.0998 0.1 1.22204 0.0 0.054000000000000006 0 0 -10 
0.1076 -3.5838 0 -3.1552 0.0718 0.9937 0.8 -0.1 0.3087 -0.8529 4.0864 -1.126 2.6755 0.4215 -2.2342 -2.7735 0.2064 0.0 0.0 
81.3366 0.0 0.0998 0.0998 0.1 1.22204 0.0 0.054000000000000006 0 0 -10 
0.1076 -3.5838 0 -3.1552 0.0718 0.9937 0.8 -0.1 0.3087 -0.8529 4.0864 -1.126 2.6755 0.4215 -2.2342 -2.7735 0.2064 0.0 0.0 
81.3366 0.0 0.0998 0.0998 0.1 1.22204 0.0 0.054000000000000006 0 0 -10 
0.1076 -3.5838 0 -3.1552 0.0718 0.9937 0.8 -0.1 0.3087 -0.8529 4.0864 -1.126 2.6755 0.4215 -2.2342 -2.7735 0.2064 0.0 0.0 
81.3366 0.0 0.0998 0.0998 0.1 1.22204 0.0 0.054000000000000006 0 0 -10 
0.1076 -3.5838 0 -3.1552 0.0718 0.9937 0.8 -0.1 0.3087 -0.8529 4.0864 -1.126 2.6755 0.4215 -2.2342 -2.7735 0.2064 0.0 0.0 
81.3366 0.0 0.0998 0.0998 0.1 1.22204 0.0 0.054000000000000006 0 0 -10 
0.1076 -3.5838 0 -3.1552 0.0718 0.9937 0.8 -0.1 0.3087 -0.8529 4.0864 -1.126 2.6755 0.4215 -2.2342 -2.7735 0.2064 0.0 0.0 
81.3366 0.0 0.0998 0.0998 0.1 1.22204 0.0 0.054000000000000006 0 0 -10 
0.1076 -3.5838 0 -3.1552 0.0718 0.9937 0.8 -0.1 0.3087 -0.8529 4.0864 -1.126 2.6755 0.4215 -2.2342 -2.7735 0.2064 0.0 0.0 
81.3366 0.0 0.0998 0.0998 0.1 1.22204 0.0 0.054000000000000006 0 0 -10 
0.1076 -3.5838 0 -3.1552 0.0718 0.9937 0.8 -0.1 0.3087 -0.8529 4.0864 -1.126 2.6755 0.4215 -2.2342 -2.7735 0.2064 0.0 0.0 
81.3366 0.0 0.0998 0.0998 0.1 1.22204 0.0 0.054000000000000006 0 0 -10 
0.1076 -3.5838 0 -3.1552 0.0718 0.9937 0.8 -0.1 0.3087 -0.8529 4.0864 -1.126 2.6755 0.4215 -2.2342 -2.7735 0.2064 0.0 0.0 
81.3366 0.0 0.0998 0.0998 0.1 1.22204 0.0 0.054000000000000006 0 0 -10 
0.1076 -3.5838 0 -3.1552 0.0718 0.9937 0.8 -0.1 0.3087 -0.8529 4.0864 -1.126 2.6755 0.4215 -2.2342 -2.7735 0.2064 0.0 0.0 
81.3366 0.0 0.0998 0.0998 0.1 1.22204 0.0 0.054000000000000006 0 0 -10 
0.1076 -3.5838 0 -3.1552 0.0718 0.9937 0.8 -0.1 0.3087 -0.8529 4.0864 -1.126 2.6755 0.4215 -2.2342 -2.7735 0.2064 0.0 0.0 
81.3366 0.0 0.0998 0.0998 0.1 1.22204 0.0 0.054000000000000006 0 0 -10 
0.1076 -3.5838 0 -3.1552 0.0718 0.9937 0.8 -0.1 0.3087 -0.8529 4.0864 -1.126 2.6755 0.4215 -2.2342 -2.7735 0.2064 0.0 0.0 
81.3366 1.20832 0.0998 0.0998 0.1 1.22204 0.0 0.054000000000000006 0 0 -10 
0.1076 -3.5838 0 -3.1552 0.0718 0.9937 0.8 -0.1 0.3087 -0.8529 4.0864 -1.126 2.6755 0.4215 -2.2342 -2.7735 0.2064 0.0 0.0 
81.3366 25.799 0.0998 0.0998 0.1 1.22204 0.0 0.054000000000000006 0 0 -10 
0.1076 -3.5838 0 -3.1552 0.0718 0.9937 0.8 -0.1 0.3087 -0.8529 4.0864 -1.126 2.6755 0.4215 -2.2342 -2.7735 0.2064 0.0 0.0 
81.3366 133.455 0.0998 0.0998 0.1 1.22204 0.0 0.054000000000000006 0 0 -10 
0.1076 -3.5838 0 -3.1552 0.0718 0.9937 0.8 -0.1 0.3087 -0.8529 4.0864 -1.126 2.6755 0.4215 -2.2342 -2.7735 0.2064 0.0 0.0 
81.3366 385.98800000000006 0.0998 0.0998 0.1 1.22204 0.0 0.054000000000000006 0 0 -10 
0.1076 -3.5838 0 -3.1552 0.0718 0.9937 0.8 -0.1 0.3087 -0.8529 4.0864 -1.126 2.6755 0.4215 -2.2342 -2.7735 0.2064 0.0 0.0 
81.3366 811.477 0.0998 0.0998 0.1 1.22204 0.0 0.054000000000000006 0 0 -10 
0.1076 -3.5838 0 -3.1552 0.0718 0.9937 0.8 -0.1 0.3087 -0.8529 4.0864 -1.126 2.6755 0.4215 -2.2342 -2.7735 0.2064 0.0 0.0 
81.3366 1396.64 0.0998 0.0998 0.1 1.22204 0.0 0.054000000000000006 0 0 -10 
0.1076 -3.5838 0 -3.1552 0.0718 0.9937 0.8 -0.1 0.3087 -0.8529 4.0864 -1.126 2.6755 0.4215 -2.2342 -2.7735 0.2064 0.0 0.0 
81.3366 2098.68 0.0998 0.0998 0.1 1.22204 0.0 0.054000000000000006 0 0 -10 
0.1076 -3.5838 0 -3.1552 0.0718 0.9937 0.8 -0.1 0.3087 -0.8529 4.0864 -1.126 2.6755 0.4215 -2.2342 -2.7735 0.2064 0.0 0.0 
81.3366 2862.4 0.0998 0.0998 0.1 1.22204 0.0 0.054000000000000006 0 0 -10 
0.1076 -3.5838 0 -3.1552 0.0718 0.9937 0.8 -0.1 0.3087 -0.8529 4.0864 -1.126 2.6755 0.4215 -2.2342 -2.7735 0.2064 0.0 0.0 
81.3366 3634.37 0.0998 0.0998 0.1 1.22204 0.0 0.054000000000000006 0 0 -10 
0.1076 -3.5838 0 -3.1552 0.0718 0.9937 0.8 -0.1 0.3087 -0.8529 4.0864 -1.126 2.6755 0.4215 -2.2342 -2.7735 0.2064 0.0 0.0 
81.3366 4371.36 0.0998 0.0998 0.1 1.22204 0.0 0.054000000000000006 0 0 -10 
0.1076 -3.5838 0 -3.1552 0.0718 0.9937 0.8 -0.1 0.3087 -0.8529 4.0864 -1.126 2.6755 0.4215 -2.2342 -2.7735 0.2064 0.0 0.0 
81.3366 5043.52 0.0998 0.0998 0.1 1.22204 0.0 0.054000000000000006 0 0 -10 
0.1076 -3.5838 0 -3.1552 0.0718 0.9937 0.8 -0.1 0.3087 -0.8529 4.0864 -1.126 2.6755 0.4215 -2.2342 -2.7735 0.2064 0.0 0.0 
81.3366 5634.11 0.0998 0.0998 0.1 1.22204 0.0 0.054000000000000006 0 0 -10 
0.1076 -3.5838 0 -3.1552 0.0718 0.9937 0.8 -0.1 0.3087 -0.8529 4.0864 -1.126 2.6755 0.4215 -2.2342 -2.7735 0.2064 0.0 0.0 
81.3366 6137.13 0.0998 0.0998 0.1 1.22204 0.0 0.054000000000000006 0 0 -10 
0.1076 -3.5838 0 -3.1552 0.0718 0.9937 0.8 -0.1 0.3087 -0.8529 4.0864 -1.126 2.6755 0.4215 -2.2342 -2.7735 0.2064 0.0 0.0 
81.3366 6554.47 0.0998 0.0998 0.1 1.22204 0.0 0.054000000000000006 0 0 -10 
0.1076 -3.5838 0 -3.1552 0.0718 0.9937 0.8 -0.1 0.3087 -0.8529 4.0864 -1.126 2.6755 0.4215 -2.2342 -2.7735 0.2064 0.0 0.0 
81.3366 6893.02 0.0998 0.0998 0.1 1.22204 0.0 0.054000000000000006 0 0 -10 
0.1076 -3.5838 0 -3.1552 0.0718 0.9937 0.8 -0.1 0.3087 -0.8529 4.0864 -1.126 2.6755 0.4215 -2.2342 -2.7735 0.2064 0.0 0.0 
81.3366 7162.35 0.0998 0.0998 0.1 1.22204 0.0 0.054000000000000006 0 0 -10 
0.1076 -3.5838 0 -3.1552 0.0718 0.9937 0.8 -0.1 0.3087 -0.8529 4.0864 -1.126 2.6755 0.4215 -2.2342 -2.7735 0.2064 0.0 0.0 
81.3366 7373.0 0.0998 0.0998 0.1 1.22204 0.0 0.054000000000000006 0 0 -10 
0.1076 -3.5838 0 -3.1552 0.0718 0.9937 0.8 -0.1 0.3087 -0.852902 4.0864 -1.126 2.6755 0.421497 -2.2342 -2.7735 0.2064 8.88526e-08 3.44304e-07 
81.3366 7535.3 0.0998 0.0998 0.1 1.22204 0.0 0.054000000000000006 0 0 -10 
0.10760399999999999 -3.58382 0 -3.1552599999999997 0.0718 0.9937 0.8 -0.1 0.30869 -0.8529610000000001 4.08641 -1.12604 2.67549 0.42143100000000006 -2.2342400000000002 -2.77351 0.2064 2.40386e-06 9.31495e-06 
81.3366 7658.7 0.0998 0.0998 0.1 1.22204 0.0 0.054000000000000006 0 0 -10 
0.107624 -3.58395 0 -3.15561 0.0718 0.9937 0.8 -0.1 0.308636 -0.853301 4.086469999999999 -1.1262299999999998 2.67545 0.42105200000000004 -2.23445 -2.77355 0.2064 1.5694000000000003e-05 6.08141e-05 
81.3366 7751.4 0.0998 0.0998 0.1 1.22204 0.0 0.054000000000000006 0 0 -10 
0.107688 -3.5843300000000005 0 -3.1566799999999997 0.0718 0.9937 0.8 -0.1 0.30846799999999996 -0.854355 4.08664 -1.12684 2.6753099999999996 0.41987299999999994 -2.23509 -2.77369 0.2064 5.6988100000000004e-05 0.00022082900000000002 
81.37011400248964 7820.3 0.0998 0.0998 0.1 1.22204 0.0 0.054000000000000006 0 0 -10 
0.10783 -3.5851800000000003 0 -3.1590700000000003 0.0718 0.9937 0.8 -0.1 0.308091 -0.856718 4.08703 -1.12821 2.67501 0.41723000000000005 -2.23655 -2.7740099999999996 0.2064 0.000149524 0.000579407 
81.47038617491641 7871.01 0.0998 0.0998 0.1 1.22204 0.0 0.054000000000000006 0 0 -10 
0.108091 -3.58675 0 -3.1634700000000002 0.0718 0.9937 0.8 -0.1 0.30740100000000004 -0.8610479999999999 4.08774 -1.1307200000000002 2.67445 0.41238800000000003 -2.23921 -2.77458 0.2064 0.000319124 0.00123661 
81.63660918470703 7908.02 0.0998 0.0998 0.1 1.22204 0.0 0.054000000000000006 0 0 -10 
0.108509 -3.5892699999999995 0 -3.1705 0.0718 0.9937 0.8 -0.1 0.306296 -0.867978 4.0888800000000005 -1.1347399999999999 2.67355 0.404636 -2.24347 -2.7755 0.2064 0.000590585 0.00228852 
81.86744470192419 7934.8 0.0998 0.0998 0.1 1.22204 0.0 0.054000000000000006 0 0 -10 
0.109116 -3.59291 0 -3.18071 0.0718 0.9937 0.8 -0.1 0.304691 -0.878044 4.09053 -1.14057 2.67225 0.393378 -2.24966 -2.77683 0.2064 0.000984841 0.00381626 
82.16103417471237 7954.05 0.0998 0.0998 0.1 1.22204 0.0 0.054000000000000006 0 0 -10 
0.10993499999999999 -3.59784 0 -3.19449 0.0718 0.9937 0.8 -0.1 0.302525 -0.891634 4.09276 -1.14844 2.67049 0.378179 -2.25802 -2.7786299999999997 0.2064 0.00151711 0.0058788 
82.51501379326447 7967.78 0.0998 0.0998 0.1 1.22204 0.0 0.054000000000000006 0 0 -10 
0.11098 -3.6041199999999995 0 -3.21208 0.0718 0.9937 0.8 -0.1 0.299762 -0.908967 4.09561 -1.15848 2.66825 0.358794 -2.26868 -2.78093 0.2064 0.002196 0.00850951 
82.92653352182856 7977.52 0.0998 0.0998 0.1 1.22204 0.0 0.054000000000000006 0 0 -10 
0.11225299999999999 -3.6117800000000004 0 -3.23351 0.0718 0.9937 0.8 -0.1 0.296394 -0.930092 4.099080000000001 -1.17072 2.66552 0.335167 -2.28167 -2.78373 0.2064 0.00302343 0.011715799999999998 
83.39228004551994 7984.38 0.0998 0.0998 0.1 1.22204 0.0 0.054000000000000006 0 0 -10 
0.113749 -3.6207800000000003 0 -3.25868 0.0718 0.9937 0.8 -0.1 0.292439 -0.9549 4.10315 -1.18509 2.6623200000000002 0.307422 -2.29692 -2.78701 0.2064 0.00399509 0.015481 
83.90850344718436 7989.2 0.0998 0.0998 0.1 1.22204 0.0 0.054000000000000006 0 0 -10 
0.115451 -3.63101 0 -3.2873300000000003 0.0718 0.9937 0.8 -0.1 0.287936 -0.983143 4.1077900000000005 -1.20146 2.65867 0.275833 -2.31429 -2.7907599999999997 0.2064 0.00510133 0.019767700000000003 
84.47114739952603 7992.56 0.0998 0.0998 0.1 1.22204 0.0 0.054000000000000006 0 0 -10 
0.11734000000000001 -3.6423699999999997 0 -3.31911 0.0718 0.9937 0.8 -0.1 0.282942 -1.01447 4.11293 -1.21961 2.65462 0.240798 -2.33356 -2.79491 0.2064 0.00632826 0.024522 
85.07568262941125 7994.89 0.0998 0.0998 0.1 1.22204 0.0 0.054000000000000006 0 0 -10 
0.11938800000000001 -3.6546800000000004 0 -3.3535699999999995 0.0718 0.9937 0.8 -0.1 0.277526 -1.04844 4.11851 -1.23929 2.65023 0.202803 -2.35445 -2.79941 0.2064 0.00765889 0.0296782 
85.71754338491229 7996.51 0.0998 0.0998 0.1 1.22204 0.0 0.054000000000000006 0 0 -10 
0.12156600000000001 -3.6677800000000005 0 -3.3902300000000003 0.0718 0.9937 0.8 -0.1 0.27176500000000003 -1.0845799999999999 4.12445 -1.2602200000000001 2.6455599999999997 0.162389 -2.3766700000000003 -2.8042 0.2064 0.00907421 0.035162599999999995 
86.39166661148109 7997.62 0.0998 0.0998 0.1 1.22204 0.0 0.054000000000000006 0 0 -10 
0.12384400000000001 -3.68148 0 -3.4285699999999997 0.0718 0.9937 0.8 -0.1 0.265741 -1.12236 4.13065 -1.2821200000000001 2.64068 0.120125 -2.3999099999999998 -2.8092 0.2064 0.010554299999999999 0.0408979 
87.09293352182857 7998.38 0.0998 0.0998 0.1 1.22204 0.0 0.054000000000000006 0 0 -10 
0.12619 -3.69559 0 -3.46806 0.0718 0.9937 0.8 -0.1 0.259534 -1.16129 4.13704 -1.30467 2.63565 0.07658519999999999 -2.42385 -2.8143599999999998 0.2064 0.012079099999999999 0.0468065 
87.81611322481368 7998.91 0.0998 0.0998 0.1 1.22204 0.0 0.054000000000000006 0 0 -10 
0.128576 -3.70994 0 -3.50821 0.0718 0.9937 0.8 -0.1 0.253225 -1.20087 4.14354 -1.3276 2.63053 0.0323219 -2.4481900000000003 -2.81961 0.2064 0.0136292 0.0528132 
88.55550806206801 7999.26 0.0998 0.0998 0.1 1.22204 0.0 0.054000000000000006 0 0 -10 
0.130973 -3.72435 0 -3.54855 0.0718 0.9937 0.8 -0.1 0.24688600000000002 -1.24063 4.1500699999999995 -1.35063 2.6253900000000003 -0.0121447 -2.47264 -2.82487 0.2064 0.0151865 0.058847500000000004 
89.30570028733197 7999.5 0.0998 0.0998 0.1 1.22204 0.0 0.054000000000000006 0 0 -10 
0.133355 -3.7386800000000004 0 -3.58863 0.0718 0.9937 0.8 -0.1 0.240587 -1.28015 4.15656 -1.37353 2.6202900000000002 -0.05634019999999999 -2.49694 -2.83011 0.2064 0.0167342 0.0648451 
90.06079971266804 7999.67 0.0998 0.0998 0.1 1.22204 0.0 0.054000000000000006 0 0 -10 
0.1357 -3.7527800000000004 0 -3.6280900000000003 0.0718 0.9937 0.8 -0.1 0.23438499999999998 -1.31904 4.16295 -1.39606 2.6152599999999997 -0.09984370000000001 -2.52086 -2.83526 0.2064 0.018257699999999998 0.0707487 
90.81519193793197 7999.78 0.0998 0.0998 0.1 1.22204 0.0 0.054000000000000006 0 0 -10 
0.137988 -3.76654 0 -3.6666 0.0718 0.9937 0.8 -0.1 0.22833499999999998 -1.357 4.16918 -1.41805 2.61035 -0.142291 -2.5442 -2.84029 0.2064 0.0197443 0.07650900000000001 
91.5629867751863 7999.85 0.09979980000000001 0.0997999 0.09999989999999999 1.22204 1.77481e-06 0.054000000000000006 0 0 -10 
0.140202 -3.77985 0 -3.7038699999999998 0.0718 0.9937 0.8 -0.1 0.222478 -1.39373 4.17521 -1.43933 2.60561 -0.18337799999999999 -2.56679 -2.84516 0.2064 0.0211831 0.0820847 
92.29836647817145 7999.9 0.0997952 0.0997958 0.09999730000000001 1.22204 5.34349e-05 0.05399980000000001 0 0 -10 
0.14232999999999998 -3.79265 0 -3.73967 0.0718 0.9937 0.8 -0.1 0.21685100000000002 -1.42903 4.18101 -1.4597799999999999 2.60105 -0.222856 -2.58849 -2.84984 0.2064 0.0225657 0.08744199999999999 
93.0158333885189 7999.93 0.09976739999999999 0.0997711 0.0999818 1.22204 0.0003642 0.053998500000000005 0 0 -10 
0.144361 -3.8048599999999997 0 -3.77385 0.0718 0.9937 0.8 -0.1 0.21148000000000003 -1.46272 4.18654 -1.4793 2.59669 -0.260533 -2.60921 -2.8543 0.2064 0.0238851 0.092555 
93.7095566150877 7999.96 0.0996784 0.0996921 0.0999321 1.22204 0.00135764 0.053994600000000004 0 0 -10 
0.146287 -3.81644 0 -3.80626 0.0718 0.9937 0.8 -0.1 0.20638600000000001 -1.4946700000000002 4.19179 -1.49781 2.5925599999999998 -0.296268 -2.62886 -2.85853 0.2064 0.0251366 0.0974043 
94.37431737058876 7999.97 0.09947510000000001 0.09951189999999999 0.0998187 1.22204 0.00362594 0.0539855 0 0 -10 
0.14810299999999998 -3.8273699999999997 0 -3.8368300000000004 0.0718 0.9937 0.8 -0.1 0.20158299999999998 -1.5248 4.19674 -1.5152700000000001 2.58867 -0.329965 -2.64739 -2.86252 0.2064 0.026316700000000002 0.101977 
95.00495260047396 7999.98 0.0990977 0.0991773 0.0996081 1.22204 0.00783778 0.053968600000000005 0 0 -10 
0.149807 -3.8376099999999997 0 -3.8655 0.0718 0.9937 0.8 -0.1 0.197077 -1.55306 4.20138 -1.53164 2.58502 -0.361572 -2.66476 -2.86627 0.2064 0.0274236 0.10626600000000001 
95.59639655281565 7999.99 0.09848789999999999 0.0986366 0.0992678 1.22204 0.0146437 0.0539414 0 0 -10 
0.151397 -3.8471699999999998 0 -3.89226 0.0718 0.9937 0.8 -0.1 0.192873 -1.57943 4.20571 -1.54692 2.58161 -0.39107 -2.68098 -2.86976 0.2064 0.0284566 0.110269 
96.14411995448006 7999.99 0.0975959 0.0978455 0.09877000000000001 1.22204 0.0245999 0.053901599999999994 0 0 -10 
0.152874 -3.85605 0 -3.9171099999999996 0.0718 0.9937 0.8 -0.1 0.188966 -1.6039299999999999 4.20973 -1.56112 2.57844 -0.418473 -2.69605 -2.87301 0.2064 0.0294163 0.113988 
96.64386647817143 7999.99 0.0963847 0.0967716 0.0980941 1.22204 0.0381174 0.0538475 0 0 -10 
0.15424000000000002 -3.86427 0 -3.9401 0.0718 0.9937 0.8 -0.1 0.185354 -1.6266 4.2134599999999995 -1.57425 2.57551 -0.44381899999999996 -2.7099900000000003 -2.87601 0.2064 0.030303899999999998 0.11742799999999999 
97.09178620673553 8000.0 0.0948328 0.09539550000000001 0.09722810000000001 1.22204 0.055437 0.0537783 0 0 -10 
0.155498 -3.87184 0 -3.9612800000000004 0.0718 0.9937 0.8 -0.1 0.182026 -1.64747 4.216880000000001 -1.5863399999999999 2.57282 -0.46716599999999997 -2.72282 -2.87878 0.2064 0.0311216 0.12059600000000001 
97.48426582528764 8000.0 0.0929344 0.0937122 0.0961688 1.22204 0.07662460000000001 0.05369349999999999 0 0 -10 
0.156653 -3.8787800000000003 0 -3.9807099999999997 0.0718 0.9937 0.8 -0.1 0.178972 -1.6666299999999998 4.22003 -1.59744 2.5703400000000003 -0.488591 -2.7346 -2.88132 0.2064 0.0318719 0.123503 
97.81835529807582 8000.0 0.09069819999999999 0.0917293 0.09492089999999999 1.22204 0.101583 0.0535937 0 0 -10 
0.157709 -3.88513 0 -3.9984800000000003 0.0718 0.9937 0.8 -0.1 0.176179 -1.6841400000000002 4.22291 -1.60759 2.56808 -0.50818 -2.74538 -2.88364 0.2064 0.0325579 0.126162 
98.09159081529299 8000.0 0.0881455 0.0894657 0.0934964 1.22204 0.130073 0.053479700000000005 0 0 -10 
0.158671 -3.8909199999999995 0 -4.01468 0.0718 0.9937 0.8 -0.1 0.17363499999999998 -1.7001 4.22553 -1.61683 2.56601 -0.526031 -2.7551900000000002 -2.88575 0.2064 0.033183 0.128584 
98.3018138250836 8000.0 0.08530789999999999 0.08694960000000002 0.09191289999999999 1.22204 0.161742 0.053353 0 0 -10 
0.159545 -3.8961699999999997 0 -4.029380000000001 0.0718 0.9937 0.8 -0.1 0.171323 -1.7146 4.22791 -1.62523 2.56414 -0.542246 -2.76411 -2.88767 0.2064 0.0337509 0.13078499999999998 
98.44758599751037 8000.0 0.08222460000000001 0.0842155 0.0901923 1.22204 0.196154 0.0532154 0 0 -10 
0.16033599999999998 -3.9009300000000002 0 -4.0427 0.0718 0.9937 0.8 -0.1 0.16923 -1.72773 4.23006 -1.63284 2.56244 -0.556929 -2.77218 -2.88941 0.2064 0.0342651 0.132777 
98.52789999999999 8000.0 0.0789393 0.08130239999999998 0.08835900000000001 1.22204 0.23281999999999997 0.0530687 0 0 -10 
0.161051 -3.9052300000000004 0 -4.05473 0.0718 0.9937 0.8 -0.1 0.16734000000000002 -1.7395900000000002 4.23201 -1.6397099999999998 2.56091 -0.570188 -2.77947 -2.89098 0.2064 0.0347294 0.134577 
95.02642863455623 8000.0 0.07549860000000001 0.0782515 0.086439 1.22204 0.271221 0.05291509999999999 0 0 -10 
0.161694 -3.9091 0 -4.06556 0.0718 0.9937 0.8 -0.1 0.165638 -1.75026 4.23376 -1.64589 2.55953 -0.582128 -2.7860400000000003 -2.8924 0.2064 0.0351476 0.136197 
92.28249613336664 8000.0 0.07194919999999999 0.0751042 0.08445830000000001 1.22204 0.310835 0.052756700000000004 0 0 -10 
0.162272 -3.9125699999999997 0 -4.07529 0.0718 0.9937 0.8 -0.1 0.16410999999999998 -1.75985 4.23534 -1.65145 2.55829 -0.592852 -2.79193 -2.89367 0.2064 0.0355231 0.137652 
90.13480566046933 8000.0 0.0683365 0.0719007 0.0824423 1.22204 0.351155 0.05259540000000001 0 0 -10 
0.16279000000000002 -3.91569 0 -4.084 0.0718 0.9937 0.8 -0.1 0.16274 -1.7684400000000002 4.23675 -1.65642 2.55718 -0.6024609999999999 -2.7972200000000003 -2.8948099999999997 0.2064 0.0358597 0.138956 
88.45604490668318 8000.0 0.0647034 0.0686792 0.08041480000000001 1.22204 0.391703 0.0524332 0 0 -10 
0.163253 -3.9184699999999997 0 -4.0917900000000005 0.0718 0.9937 0.8 -0.1 0.16151600000000002 -1.7761200000000001 4.23801 -1.66087 2.55619 -0.611051 -2.80194 -2.89582 0.2064 0.036160500000000005 0.140122 
87.14635615238439 8000.0 0.0610889 0.0654741 0.0783978 1.22204 0.432044 0.05227180000000001 0 0 -10 
0.163666 -3.92096 0 -4.09874 0.0718 0.9937 0.8 -0.1 0.160424 -1.7829700000000002 4.23914 -1.66484 2.5553 -0.618712 -2.80615 -2.89673 0.2064 0.036428800000000004 0.14116099999999998 
86.1270688930033 8000.0 0.057527800000000004 0.0623165 0.07641060000000001 1.22204 0.471788 0.05211280000000001 0 0 -10 
0.16403399999999999 -3.92317 0 -4.10493 0.0718 0.9937 0.8 -0.1 0.159452 -1.7890700000000002 4.24014 -1.6683700000000001 2.55452 -0.62553 -2.8099 -2.8975400000000002 0.2064 0.0366675 0.142087 
85.3361619272188 8000.0 0.0540504 0.059233 0.0744701 1.22204 0.510598 0.0519576 0 0 -10 
0.16435999999999998 -3.9251300000000002 0 -4.1104199999999995 0.0718 0.9937 0.8 -0.1 0.158588 -1.7944799999999999 4.24103 -1.6715099999999998 2.55382 -0.631586 -2.81323 -2.89826 0.2064 0.0368796 0.14290799999999998 
84.72489281657741 8000.0 0.050682 0.056246199999999996 0.0725904 1.22204 0.548192 0.0518072 0 0 -10 
0.164649 -3.9268699999999996 0 -4.11529 0.0718 0.9937 0.8 -0.1 0.157823 -1.79928 4.24181 -1.67429 2.5532 -0.636954 -2.81618 -2.89889 0.2064 0.0370676 0.143637 
84.25488849669125 8000.0 0.04744330000000001 0.053374300000000006 0.0707831 1.22204 0.584338 0.051662599999999996 0 0 -10 
0.164905 -3.92841 0 -4.1196 0.0718 0.9937 0.8 -0.1 0.157146 -1.8035299999999999 4.24251 -1.67675 2.55265 -0.6417039999999999 -2.8187900000000004 -2.89946 0.2064 0.0372339 0.144282 
83.89603478117883 8000.0 0.044350400000000005 0.050631800000000005 0.0690572 1.22204 0.618857 0.0515246 0 0 -10 
0.165131 -3.9297699999999995 0 -4.1234 0.0718 0.9937 0.8 -0.1 0.156548 -1.80728 4.243130000000001 -1.67893 2.5521599999999998 -0.645899 -2.8211 -2.89995 0.2064 0.0373809 0.144851 
83.62433708911426 8000.0 0.0414153 0.048029199999999994 0.0674192 1.22204 0.6516149999999999 0.051393499999999995 0 0 -10 
0.165331 -3.93097 0 -4.12676 0.0718 0.9937 0.8 -0.1 0.156021 -1.8105900000000001 4.24367 -1.6808400000000001 2.55174 -0.649598 -2.82313 -2.9003900000000002 0.2064 0.037510400000000006 0.145353 
83.42125194269805 8000.0 0.038646 0.0455736 0.06587389999999999 1.22204 0.6825220000000001 0.05126990000000001 0 0 -10 
0.165506 -3.9320199999999996 0 -4.12971 0.0718 0.9937 0.8 -0.1 0.155557 -1.8135 4.24415 -1.6825299999999999 2.55136 -0.652854 -2.82492 -2.90078 0.2064 0.0376244 0.145795 
83.27211019603786 8000.0 0.0360472 0.043269199999999994 0.0644237 1.22204 0.711526 0.0511539 0 0 -10 
0.165661 -3.93295 0 -4.1323099999999995 0.0718 0.9937 0.8 -0.1 0.155149 -1.8160599999999998 4.2445699999999995 -1.6840099999999998 2.55103 -0.655716 -2.8265 -2.90112 0.2064 0.0377246 0.14618299999999998 
83.16506980512638 8000.0 0.033620699999999996 0.0411176 0.0630696 1.22204 0.738608 0.0510456 0 0 -10 
0.165796 -3.93376 0 -4.13459 0.0718 0.9937 0.8 -0.1 0.154791 -1.8183 4.24494 -1.6853099999999999 2.5507400000000002 -0.658227 -2.82788 -2.90141 0.2064 0.037812599999999995 0.146524 
83.0912492064667 8000.0 0.0313656 0.039117900000000004 0.0618112 1.22204 0.763777 0.0509449 0 0 -10 
0.165915 -3.93448 0 -4.13658 0.0718 0.9937 0.8 -0.1 0.154477 -1.82027 4.24526 -1.68645 2.55048 -0.6604270000000001 -2.8290900000000003 -2.90167 0.2064 0.0378897 0.146822 
83.04340280301412 8000.0 0.0292789 0.037267699999999994 0.0606467 1.22204 0.787065 0.0508517 0 0 -10 
0.166018 -3.9351 0 -4.138330000000001 0.0718 0.9937 0.8 -0.1 0.154203 -1.8219900000000002 4.24554 -1.68745 2.5502599999999997 -0.662353 -2.83015 -2.9019 0.2064 0.037957099999999994 0.147084 
83.01580826364221 8000.0 0.027356099999999998 0.0355626 0.05957369999999999 1.22204 0.808526 0.050765899999999996 0 0 -10 
0.16610899999999998 -3.93565 0 -4.13985 0.0718 0.9937 0.8 -0.1 0.15396300000000002 -1.8235 4.24579 -1.68832 2.5500700000000003 -0.664035 -2.83107 -2.9021 0.2064 0.0380161 0.147312 
83.00414180023405 8000.0 0.025590900000000003 0.0339974 0.058588699999999994 1.22204 0.828227 0.0506871 0 0 -10 
0.166185 -3.9361300000000004 0 -4.14117 0.0718008 0.9936940000000001 0.800003 -0.1 0.15374300000000002 -1.8248 4.24601 -1.68907 2.54989 -0.665502 -2.83187 -2.9022799999999997 0.206398 0.0380841 0.147509 
83.00482266772784 8000.0 0.023976400000000002 0.0325658 0.057687699999999995 1.22204 0.8462459999999999 0.050615 0 0 -10 
0.166228 -3.93663 0 -4.1422099999999995 0.0718086 0.993643 0.800035 -0.1 0.15346500000000002 -1.8258599999999998 4.24627 -1.68966 2.5497 -0.66677 -2.83245 -2.90252 0.206377 0.0382816 0.14765899999999998 
83.01501213048239 8000.0 0.0225047 0.0312608 0.05686649999999999 1.22204 0.862671 0.050549300000000005 0 0 -10 
0.166183 -3.9373 0 -4.14274 0.07183919999999999 0.993439 0.800161 -0.1 0.152928 -1.82654 4.24672 -1.68993 2.5493900000000003 -0.667837 -2.83257 -2.9029599999999998 0.20629699999999998 0.0389221 0.14771700000000001 
83.03275528407949 8000.0 0.021167500000000002 0.030075099999999997 0.0561203 1.22204 0.8775950000000001 0.050489599999999996 0 0 -10 
0.165966 -3.9384300000000003 0 -4.14238 0.0719181 0.9929120000000001 0.800484 -0.1 0.151814 -1.8265900000000002 4.24758 -1.6896400000000003 2.54881 -0.6686840000000001 -2.83186 -2.90389 0.206089 0.040508499999999996 0.147607 
83.05625659683587 8000.0 0.0199563 0.0290011 0.055444299999999995 1.22204 0.8911129999999999 0.0504355 0 0 -10 
0.165469 -3.94035 0 -4.14065 0.07207689999999999 0.9918540000000001 0.801135 -0.1 0.149732 -1.8257 4.24916 -1.68848 2.54778 -0.669281 -2.8298 -2.90562 0.205671 0.043659500000000004 0.147238 
83.08418198281036 8000.0 0.018862200000000003 0.0280309 0.05483380000000001 1.22204 0.903324 0.0503867 0 0 -10 
0.164582 -3.9433800000000003 0 -4.13705 0.072348 0.9900459999999999 0.802246 -0.1 0.146276 -1.82355 4.25175 -1.6861400000000002 2.5461 -0.669592 -2.82591 -2.90849 0.204958 0.0490169 0.14651 
83.11548175044256 8000.0 0.0178767 0.027157099999999997 0.0542839 1.22204 0.914322 0.0503427 0 0 -10 
0.163205 -3.94786 0 -4.131130000000001 0.0727612 0.987291 0.8039390000000001 -0.1 0.141079 -1.8198400000000001 4.25563 -1.68232 2.5436 -0.669587 -2.8197099999999997 -2.91281 0.203871 0.0571627 0.145336 
83.14932997665042 8000.0 0.0169914 0.0263721 0.053789800000000006 1.22204 0.9242030000000001 0.0503032 0 0 -10 
0.16125799999999998 -3.95401 0 -4.12254 0.0733398 0.983433 0.8063100000000001 -0.1 0.13385 -1.81434 4.261019999999999 -1.6767900000000002 2.54013 -0.669242 -2.81085 -2.9188099999999997 0.202349 0.0685593 0.143646 
83.18507680488283 8000.0 0.0161986 0.025669 0.053347900000000004 1.22204 0.933059 0.0502677 0 0 -10 
0.15868800000000002 -3.96202 0 -4.11103 0.0740994 0.978367 0.809424 -0.1 0.124392 -1.8069 4.26805 -1.6694099999999998 2.5356 -0.6685439999999999 -2.79908 -2.92667 0.20035 0.0835142 0.141394 
83.22231091205609 8000.0 0.015495400000000001 0.0250446 0.05295980000000001 1.22204 0.940976 0.0502356 0 0 -10 
0.155473 -3.97194 0 -4.0965 0.07504730000000001 0.9720469999999999 0.8133090000000001 -0.1 0.11261700000000001 -1.79745 4.2768 -1.6601099999999998 2.52997 -0.667491 -2.78429 -2.93646 0.197856 0.102167 0.138559 
83.26062997661876 8000.0 0.0148871 0.0245017 0.0526375 1.22204 0.948039 0.0502055 0 0 -10 
0.151615 -3.9837800000000003 0 -4.07899 0.0761821 0.9644799999999999 0.81796 -0.1 0.0985396 -1.7860200000000002 4.28725 -1.6489099999999999 2.52325 -0.666093 -2.76651 -2.94815 0.19487000000000002 0.12449500000000001 0.135147 
83.29961744210019 8000.0 0.0143875 0.0240497 0.0524029 1.22204 0.954327 0.0501755 0 0 -10 
0.147146 -3.99745 0 -4.05863 0.0774953 0.955723 0.823341 -0.1 0.08226439999999999 -1.7727099999999998 4.29933 -1.63588 2.5154799999999997 -0.664371 -2.74587 -2.96168 0.191415 0.150328 0.131184 
83.3391242341001 8000.0 0.0140155 0.0237017 0.0522846 1.22204 0.9599120000000001 0.0501435 0 0 -10 
0.14211500000000002 -4.01279 0 -4.03566 0.078972 0.9458770000000001 0.8293940000000001 -0.1 0.0639739 -1.7576599999999998 4.31291 -1.6212 2.50676 -0.662355 -2.72263 -2.97687 0.187529 0.179375 0.126717 
83.37905437476743 8000.0 0.0137917 0.023472200000000002 0.0523126 1.22204 0.964865 0.0501072 0 0 -10 
0.13659100000000002 -4.02961 0 -4.0104 0.0805927 0.9350700000000001 0.8360360000000001 -0.1 0.043909199999999995 -1.74108 4.3278 -1.60505 2.4971900000000002 -0.660081 -2.69708 -2.99355 0.183265 0.211252 0.121806 
83.4113 8000.0 0.0137345 0.0233742 0.0525139 1.22204 0.969247 0.0500644 0 0 -10 
0.130652 -4.04767 0 -3.9832 0.08233439999999999 0.9234559999999999 0.843174 -0.1 0.0223523 -1.7232299999999998 4.34379 -1.5876700000000001 2.48691 -0.6575880000000001 -2.6696 -3.01146 0.178682 0.245508 0.116521 
83.4531 8000.0 0.0138582 0.0234174 0.052910000000000006 1.22204 0.9731190000000001 0.0500136 0 0 -10 
0.12438199999999999 -4.06671 0 -3.9544699999999997 0.0841725 0.9112 0.850707 -0.1 -0.000391136 -1.70435 4.36066 -1.56931 2.47607 -0.6549189999999999 -2.64057 -3.03035 0.173846 0.281657 0.11094000000000001 
83.4946 8000.0 0.014170600000000002 0.023607299999999998 0.05351419999999999 1.22204 0.976533 0.0499534 0 0 -10 
0.117869 -4.08648 0 -3.9246 0.0860814 0.8984709999999999 0.8585299999999999 -0.1 -0.0240064 -1.68472 4.37818 -1.5502200000000002 2.46482 -0.6521170000000001 -2.61042 -3.04998 0.168824 0.319198 0.10513900000000001 
83.5358 8000.0 0.0146735 0.023944200000000002 0.054331500000000005 1.22204 0.9795379999999999 0.049883300000000005 0 0 -10 
0.1112 -4.10671 0 -3.89399 0.08803589999999999 0.885439 0.86654 -0.1 -0.048182800000000005 -1.66461 4.39611 -1.53067 2.4533 -0.649224 -2.57952 -3.07006 0.163681 0.357636 0.0991957 
83.5766 8000.0 0.0153619 0.024424099999999997 0.0553587 1.22204 0.9821799999999999 0.0498032 0 0 -10 
0.10445499999999999 -4.12717 0 -3.8630400000000003 0.090012 0.8722620000000001 0.8746389999999999 -0.1 -0.0726238 -1.64425 4.41424 -1.51089 2.44165 -0.646281 -2.54828 -3.09037 0.15848199999999998 0.396497 0.0931846 
83.6172 8000.0 0.016225200000000002 0.025038400000000002 0.05658490000000001 1.22204 0.984499 0.049713400000000005 0 0 -10 
0.0977117 -4.1476 0 -3.83207 0.0919874 0.8590899999999999 0.882735 -0.1 -0.0970546 -1.62388 4.43236 -1.49111 2.43001 -0.643323 -2.51704 -3.1106700000000003 0.153284 0.435346 0.0871734 
83.6575 8000.0 0.0172481 0.0257755 0.057993399999999994 1.22204 0.9865309999999999 0.0496147 0 0 -10 
0.09103860000000001 -4.16783 0 -3.80142 0.0939421 0.8460549999999999 0.8907459999999999 -0.1 -0.121227 -1.60372 4.45029 -1.47153 2.4184900000000003 -0.6403840000000001 -2.48612 -3.13076 0.148141 0.473786 0.0812236 
83.6976 8000.0 0.0184118 0.026620599999999998 0.0595624 1.22204 0.98831 0.0495081 0 0 -10 
0.08449580000000001 -4.18765 0 -3.7713699999999997 0.0958585 0.833277 0.898601 -0.1 -0.144925 -1.58394 4.46786 -1.45233 2.4072 -0.637494 -2.4558 -3.15045 0.143098 0.511472 0.07538919999999999 
83.27503667778863 8000.0 0.019694999999999997 0.0275577 0.0612672 1.22204 0.989864 0.0493949 0 0 -10 
0.0781348 -4.206919999999999 0 -3.74214 0.0977216 0.8208540000000001 0.906236 -0.1 -0.167961 -1.56471 4.48495 -1.43366 2.39623 -0.634675 -2.42632 -3.1695900000000004 0.138196 0.5481090000000001 0.0697161 
83.03978623479564 8000.0 0.021074900000000004 0.028569499999999998 0.0630809 1.22204 0.9912209999999999 0.0492766 0 0 -10 
0.07200419999999999 -4.22551 0 -3.71394 0.0995209 0.808868 0.913602 -0.1 -0.190184 -1.54615 4.50141 -1.41564 2.38564 -0.631939 -2.39787 -3.18805 0.133468 0.5834520000000001 0.06424239999999999 
82.67964698223075 8000.0 0.022528799999999998 0.029638499999999998 0.06497649999999999 1.22204 0.992403 0.0491546 0 0 -10 
0.0661716 -4.2434 0 -3.6869199999999998 0.101258 0.797376 0.920658 -0.1 -0.21147 -1.52837 4.51705 -1.39832 2.37547 -0.6292399999999999 -2.37055 -3.20574 0.128945 0.6173069999999999 0.0589985 
82.16053750393993 8000.0 0.024034 0.030747900000000005 0.06692680000000001 1.22204 0.993433 0.0490304 0 0 -10 
0.0607428 -4.26065 0 -3.66121 0.10295 0.786406 0.927373 -0.1 -0.231727 -1.51144 4.531540000000001 -1.3817 2.3657 -0.626445 -2.34436 -3.22257 0.12465799999999999 0.6495270000000001 0.05400750000000001 
81.45016148442545 8000.0 0.0255693 0.0318813 0.06890650000000001 1.22204 0.9943280000000001 0.048905300000000006 0 0 -10 
0.0558581 -4.27744 0 -3.63688 0.10463299999999999 0.775961 0.933725 -0.1 -0.250889 -1.49543 4.54445 -1.3656700000000002 2.35629 -0.62334 -2.3191900000000003 -3.23849 0.120637 0.680005 0.049285699999999995 
80.52395475357001 8000.0 0.027114099999999995 0.033023199999999996 0.07089069999999999 1.22204 0.9951059999999999 0.048780800000000006 0 0 -10 
0.051675099999999995 -4.29401 0 -3.6139900000000003 0.106351 0.766025 0.9397 -0.1 -0.268914 -1.4803600000000001 4.555280000000001 -1.35009 2.3471599999999997 -0.619667 -2.29489 -3.25347 0.11691300000000002 0.708675 0.0448435 
79.37209248695098 8000.0 0.0286454 0.0341565 0.07285169999999999 1.22204 0.9957809999999999 0.0486584 0 0 -10 
0.048347900000000006 -4.31061 0 -3.59257 0.10815 0.756568 0.945292 -0.1 -0.285783 -1.46625 4.56354 -1.3348 2.3382 -0.615157 -2.27123 -3.26749 0.11350999999999999 0.735506 0.040686 
78.00667345298939 8000.0 0.0301344 0.0352593 0.0747541 1.22204 0.996365 0.0485402 0 0 -10 
0.046008999999999994 -4.3275 0 -3.57261 0.110073 0.747556 0.9505 -0.1 -0.301493 -1.45312 4.56881 -1.31964 2.32934 -0.609572 -2.24803 -3.2805400000000002 0.110448 0.760495 0.036813900000000004 
76.46857875365922 8000.0 0.0315468 0.036306 0.0765555 1.22204 0.996872 0.0484286 0 0 -10 
0.0447575 -4.34488 0 -3.5541099999999997 0.11215499999999999 0.738954 0.9553280000000001 -0.1 -0.316058 -1.4409399999999999 4.5707699999999996 -1.30449 2.32048 -0.602723 -2.22511 -3.29264 0.10773699999999999 0.783662 0.033223699999999995 
74.82935780123707 8000.0 0.032845599999999996 0.0372689 0.0782104 1.22204 0.99731 0.04832619999999999 0 0 -10 
0.0446493 -4.3629 0 -3.5370699999999995 0.114424 0.730727 0.959786 -0.1 -0.329504 -1.4297 4.56924 -1.28925 2.3115900000000003 -0.594512 -2.20234 -3.30381 0.10538099999999999 0.805033 0.029910500000000003 
73.19030525857725 8000.0 0.0339954 0.0381214 0.0796748 1.22204 0.9976879999999999 0.0482357 0 0 -10 
0.045684800000000005 -4.38165 0 -3.5217 0.116921 0.722838 0.963885 -0.1 -0.341868 -1.41944 4.56415 -1.27398 2.30265 -0.585043 -2.1796599999999997 -3.31409 0.10336300000000001 0.8245530000000001 0.0268759 
71.67443760906338 8000.0 0.0349652 0.0388404 0.0809105 1.22204 0.998015 0.0481593 0 0 -10 
0.04779919999999999 -4.40117 0 -3.5085900000000003 0.11972000000000001 0.715234 0.967641 -0.1 -0.353193 -1.4102700000000001 4.55558 -1.2589299999999999 2.29372 -0.574731 -2.1571599999999997 -3.3235 0.101646 0.8420040000000001 0.024135 
70.4138689884407 8000.0 0.035731099999999995 0.0394079 0.08188780000000001 1.22204 0.998297 0.048098699999999994 0 0 -10 
0.050868199999999995 -4.42148 0 -3.49871 0.122928 0.707851 0.9710690000000001 -0.1 -0.363528 -1.40239 4.543740000000001 -1.24458 2.28493 -0.564292 -2.135 -3.33209 0.100165 0.8570059999999999 0.0217176 
69.53285639515495 8000.0 0.03627709999999999 0.039811900000000004 0.08258710000000001 1.22204 0.99854 0.048055 0 0 -10 
0.05472369999999999 -4.44254 0 -3.49327 0.126672 0.700621 0.974189 -0.1 -0.372923 -1.3960700000000001 4.5289 -1.2315 2.27643 -0.554633 -2.11344 -3.33989 0.09884630000000001 0.869082 0.019661599999999998 
69.13084775250388 8000.0 0.036595800000000005 0.040046899999999996 0.0829995 1.22204 0.998749 0.0480288 0 0 -10 
0.059173699999999996 -4.4643 0 -3.4935099999999997 0.131075 0.693475 0.9770190000000001 -0.1 -0.38143299999999997 -1.39157 4.511430000000001 -1.2203600000000001 2.26841 -0.546726 -2.0927599999999997 -3.3469599999999997 0.0976061 0.8777379999999999 0.018006400000000002 
69.26723591583391 8000.0 0.036687800000000007 0.040113199999999995 0.083126 1.22204 0.9989290000000001 0.048019900000000004 0 0 -10 
0.06401939999999999 -4.48664 0 -3.50055 0.136242 0.686354 0.9795780000000001 -0.1 -0.389115 -1.38911 4.49172 -1.21173 2.26105 -0.5414939999999999 -2.07324 -3.35335 0.0963658 0.88254 0.0167859 
69.95195280649888 8000.0 0.0365608 0.0400166 0.0829765 1.22204 0.999084 0.0480278 0 0 -10 
0.06906989999999999 -4.50945 0 -3.51525 0.14225 0.6792159999999999 0.9818870000000001 -0.1 -0.396023 -1.38889 4.4702 -1.20613 2.2545 -0.539719 -2.05515 -3.35909 0.09505620000000001 0.8831610000000001 0.0160239 
71.14433351075301 8000.0 0.0362286 0.039767199999999996 0.08256849999999999 1.22204 0.999216 0.0480514 0 0 -10 
0.0741525 -4.53259 0 -3.5381699999999996 0.149134 0.67203 0.9839629999999999 -0.1 -0.402215 -1.391 4.4473 -1.20392 2.2489 -0.541992 -2.03868 -3.3642300000000005 0.0936215 0.879415 0.0157315 
72.75901259561027 8000.0 0.0357093 0.0393786 0.0819248 1.22204 0.9993299999999999 0.0480892 0 0 -10 
0.07911889999999999 -4.5559 0 -3.56952 0.156894 0.664783 0.985825 -0.1 -0.407746 -1.39545 4.42342 -1.20531 2.24431 -0.5486880000000001 -2.0240099999999996 -3.3688300000000004 0.09202139999999999 0.871268 0.015906299999999998 
74.67934526872119 8000.0 0.035024400000000004 0.0388667 0.0810727 1.22204 0.9994280000000001 0.0481396 0 0 -10 
0.0838487 -4.57921 0 -3.6091599999999997 0.165493 0.6574800000000001 0.9874930000000001 -0.1 -0.41266899999999995 -1.40219 4.39895 -1.2103700000000002 2.24079 -0.5599649999999999 -2.0112099999999997 -3.3729199999999997 0.0902315 0.85883 0.0165327 
76.77417030743138 8000.0 0.034197399999999996 0.038249 0.0800416 1.22204 0.9995120000000001 0.048200900000000005 0 0 -10 
0.0882495 -4.60238 0 -3.65669 0.174862 0.650135 0.9889819999999999 -0.1 -0.41703900000000005 -1.4111 4.37424 -1.2190299999999998 2.23834 -0.575783 -2.00031 -3.37655 0.0882421 0.84234 0.017583599999999998 
78.91531252165554 8000.0 0.0332525 0.0375435 0.07886189999999998 1.22204 0.999584 0.0482712 0 0 -10 
0.09225610000000001 -4.62523 0 -3.71144 0.184906 0.642776 0.990308 -0.1 -0.42090299999999997 -1.42198 4.34962 -1.23108 2.23693 -0.5959260000000001 -1.9912900000000002 -3.3797599999999997 0.08605610000000001 0.8221440000000001 0.0190226 
80.99187385519666 8000.0 0.032213900000000004 0.0367684 0.0775643 1.22204 0.9996450000000001 0.0483486 0 0 -10 
0.0958275 -4.64763 0 -3.77255 0.19551400000000002 0.635434 0.9914879999999999 -0.1 -0.42431199999999997 -1.43462 4.32535 -1.24625 2.23651 -0.6200439999999999 -1.9840900000000001 -3.3826 0.083687 0.798666 0.020806099999999998 
82.9203296129883 8000.0 0.031105 0.0359409 0.07617789999999999 1.22204 0.999698 0.0484314 0 0 -10 
0.0989442 -4.66944 0 -3.83905 0.20656100000000002 0.628149 0.992534 -0.1 -0.42730799999999997 -1.44875 4.30167 -1.26417 2.237 -0.647682 -1.97859 -3.38509 0.08115639999999999 0.7723869999999999 0.0228861 
84.6484835024113 8000.0 0.0299476 0.035077300000000006 0.0747303 1.22204 0.999743 0.048518 0 0 -10 
0.101604 -4.69055 0 -3.9098800000000002 0.21791799999999997 0.620962 0.9934620000000001 -0.1 -0.429935 -1.4641 4.27876 -1.28444 2.2383 -0.6783170000000001 -1.9746700000000001 -3.3872699999999996 0.07849160000000001 0.743815 0.025212000000000002 
86.1540387502198 8000.0 0.0287618 0.0341927 0.0732467 1.22204 0.9997809999999999 0.048606699999999996 0 0 -10 
0.10381900000000001 -4.71085 0 -3.98397 0.229458 0.613911 0.994281 -0.1 -0.43223100000000003 -1.4804 4.2567900000000005 -1.30664 2.24032 -0.711387 -1.9721799999999998 -3.38918 0.07572310000000002 0.713465 0.0277332 
87.43918690518679 8000.0 0.027565499999999996 0.0333004 0.0717497 1.22204 0.999814 0.048696300000000005 0 0 -10 
0.10561199999999998 -4.7302800000000005 0 -4.06024 0.241056 0.607035 0.9950049999999999 -0.1 -0.434233 -1.49738 4.23585 -1.3303399999999999 2.24295 -0.746321 -1.9709599999999998 -3.39085 0.0728832 0.681843 0.030399900000000004 
88.52413939973874 8000.0 0.026374599999999998 0.032412 0.0702591 1.22204 0.999842 0.0487856 0 0 -10 
0.10701600000000001 -4.74875 0 -4.1377 0.252596 0.600371 0.995641 -0.1 -0.43596599999999996 -1.51478 4.2160400000000005 -1.3551 2.24608 -0.782554 -1.9708400000000001 -3.39229 0.0700049 0.649428 0.033165 
89.43874676399109 8000.0 0.0252024 0.0315377 0.0687917 1.22204 0.999865 0.048873400000000004 0 0 -10 
0.10809200000000001 -4.76626 0 -4.215269999999999 0.263962 0.59397 0.996182 -0.1 -0.437349 -1.5323799999999999 4.19745 -1.38042 2.24962 -0.8194629999999999 -1.9716200000000002 -3.3934699999999998 0.0671322 0.616658 0.03598030000000001 
90.21641594395572 8000.0 0.0240602 0.0306858 0.06736160000000001 1.22204 0.999886 0.0489591 0 0 -10 
0.10898 -4.78282 0 -4.29164 0.275013 0.587938 0.9965729999999999 -0.1 -0.438003 -1.55003 4.18025 -1.40554 2.25356 -0.856226 -1.97301 -3.39419 0.0643419 0.58391 0.03878909999999999 
91.23299999999999 8000.0 0.022956999999999998 0.029863 0.0659802 1.22204 0.9999030000000001 0.049041900000000006 0 0 -10 
0.109917 -4.79855 0 -4.36515 0.28557899999999997 0.58245 0.9966950000000001 -0.1 -0.43714899999999995 -1.5676700000000001 4.1647300000000005 -1.42933 2.25794 -0.891754 -1.97459 -3.3939999999999997 0.061753999999999996 0.551495 0.0415226 
91.6889 8000.0 0.0219 0.029074700000000002 0.0646565 1.22204 0.9999180000000001 0.0491212 0 0 -10 
0.111213 -4.8136 0 -4.4339 0.295469 0.577735 0.996384 -0.1 -0.43370699999999995 -1.5853 4.15128 -1.45041 2.26286 -0.924765 -1.9758799999999999 -3.3923 0.059521300000000006 0.5196529999999999 0.0441034 
92.1418 8000.0 0.0208945 0.0283248 0.0633972 1.22204 0.9999299999999999 0.049196699999999996 0 0 -10 
0.11321099999999999 -4.82816 0 -4.49593 0.304487 0.5740430000000001 0.995452 -0.1 -0.426458 -1.6029799999999998 4.1403099999999995 -1.4673100000000001 2.26848 -0.953926 -1.97633 -3.38841 0.0578086 0.48857 0.0464533 
92.5901 8000.0 0.019944099999999996 0.0276161 0.062207000000000005 1.22204 0.999941 0.049268 0 0 -10 
0.11624200000000001 -4.84243 0 -4.54945 0.31245700000000004 0.571612 0.993717 -0.1 -0.41422 -1.6207799999999999 4.132219999999999 -1.47865 2.27493 -0.977993 -1.97543 -3.38165 0.056772800000000005 0.45838599999999996 0.0485005 
93.0324 8000.0 0.0190512 0.0269502 0.0610886 1.22204 0.99995 0.049335000000000004 0 0 -10 
0.12058900000000002 -4.85658 0 -4.59295 0.319234 0.570642 0.991025 -0.1 -0.395989 -1.63878 4.12732 -1.48325 2.28234 -0.995919 -1.9727700000000001 -3.37145 0.056546000000000006 0.429204 0.0501851 
93.4672 8000.0 0.0182169 0.0263281 0.0600436 1.22204 0.999958 0.049397699999999996 0 0 -10 
0.126466 -4.87076 0 -4.62535 0.324716 0.571274 0.9872629999999999 -0.1 -0.37103200000000003 -1.65703 4.12582 -1.48024 2.2907900000000003 -1.0069299999999999 -1.9680000000000002 -3.35742 0.0572255 0.401099 0.0514628 
93.8935 8000.0 0.0174413 0.0257497 0.0590721 1.22204 0.999964 0.049455900000000004 0 0 -10 
0.13400399999999998 -4.88508 0 -4.64599 0.328844 0.5735859999999999 0.982368 -0.1 -0.338929 -1.67555 4.12783 -1.4691100000000001 2.3003400000000003 -1.0105600000000001 -1.96092 -3.3393 0.0588683 0.374128 0.0523068 
94.3101 8000.0 0.016723599999999998 0.0252144 0.058173 1.22204 0.99997 0.0495098 0 0 -10 
0.143253 -4.89959 0 -4.65468 0.33160700000000004 0.577592 0.9763270000000001 -0.1 -0.299583 -1.6943400000000002 4.13331 -1.4496799999999999 2.3109599999999997 -1.00663 -1.9514200000000002 -3.31705 0.06149059999999999 0.348331 0.0527071 
94.7161 8000.0 0.016062200000000002 0.024721299999999998 0.0573446 1.22204 0.999974 0.0495595 0 0 -10 
0.154184 -4.91432 0 -4.651619999999999 0.333034 0.583242 0.9691719999999999 -0.1 -0.253196 -1.7133599999999998 4.14214 -1.42212 2.3226 -0.9952559999999999 -1.93954 -3.2907900000000003 0.0650709 0.323734 0.05266950000000001 
95.1107 8000.0 0.0154554 0.0242688 0.056584300000000004 1.22204 0.999978 0.0496051 0 0 -10 
0.166702 -4.92925 0 -4.63736 0.33319099999999996 0.590436 0.9609780000000001 -0.1 -0.200231 -1.73253 4.15409 -1.38685 2.33517 -0.9768 -1.9253799999999999 -3.26078 0.06955510000000001 0.30035700000000004 0.052213300000000004 
95.4932 8000.0 0.0149006 0.023855099999999997 0.0558893 1.22204 0.9999819999999999 0.049646800000000005 0 0 -10 
0.180659 -4.94434 0 -4.61275 0.33216999999999997 0.599033 0.951851 -0.1 -0.14135599999999998 -1.75178 4.16887 -1.34454 2.34856 -0.951808 -1.90914 -3.22741 0.0748631 0.278206 0.0513687 
95.8631 8000.0 0.0143952 0.0234782 0.0552561 1.22204 0.999984 0.0496847 0 0 -10 
0.195863 -4.95951 0 -4.5788400000000005 0.33008699999999996 0.608861 0.9419190000000001 -0.1 -0.07739299999999999 -1.7710099999999998 4.18612 -1.29601 2.3626099999999997 -0.920977 -1.89106 -3.19113 0.0808951 0.257283 0.050174300000000005 
96.2201 8000.0 0.0139363 0.023136 0.0546812 1.22204 0.9999870000000001 0.0497192 0 0 -10 
0.21209899999999998 -4.97469 0 -4.53682 0.327069 0.619726 0.931328 -0.1 -0.00925983 -1.7900900000000002 4.2054599999999995 -1.24221 2.37716 -0.885099 -1.87143 -3.1524799999999997 0.0875388 0.237581 0.0486736 
96.5637 8000.0 0.0135209 0.0228263 0.054160900000000005 1.22204 0.9999889999999999 0.0497504 0 0 -10 
0.229136 -4.9897800000000005 0 -4.48796 0.323254 0.631428 0.9202290000000001 -0.1 0.0620763 -1.80892 4.22649 -1.18413 2.39205 -0.8450219999999999 -1.85057 -3.112 0.0946755 0.219085 0.0469139 
96.8938 8000.0 0.0131461 0.022546700000000003 0.053691199999999994 1.22204 0.999991 0.0497786 0 0 -10 
0.24674200000000002 -5.00469 0 -4.43355 0.318778 0.643764 0.908775 -0.1 0.135643 -1.8274 4.24881 -1.12277 2.40713 -0.801608 -1.8287799999999999 -3.07025 0.102185 0.201775 0.044942800000000005 
97.2102 8000.0 0.012808700000000001 0.0222952 0.053268499999999996 1.22204 0.999992 0.0498039 0 0 -10 
0.26468800000000003 -5.01932 0 -4.37486 0.313776 0.6565350000000001 0.897115 -0.1 0.21049600000000002 -1.8454099999999998 4.2720400000000005 -1.05914 2.42223 -0.7557010000000001 -1.8063900000000002 -3.02776 0.10995 0.185625 0.0428075 
97.51299999999999 8000.0 0.0125059 0.022069400000000003 0.052889099999999994 1.22204 0.999993 0.0498267 0 0 -10 
0.28275900000000004 -5.0336 0 -4.31308 0.30837800000000004 0.669557 0.885388 -0.1 0.28575100000000003 -1.86286 4.29582 -0.994151 2.43721 -0.708108 -1.78368 -2.98504 0.11785999999999999 0.170603 0.0405529 
97.8021 8000.0 0.012234700000000001 0.0218672 0.0525494 1.22204 0.999994 0.0498471 0 0 -10 
0.30075799999999997 -5.04744 0 -4.2493300000000005 0.30270199999999997 0.682658 0.87372 -0.1 0.360597 -1.87968 4.31982 -0.928679 2.45194 -0.659571 -1.7609299999999999 -2.94255 0.125813 0.156672 0.0382208 
98.0778 8000.0 0.0119925 0.021686599999999997 0.052246 1.22204 0.9999950000000001 0.0498653 0 0 -10 
0.318508 -5.06078 0 -4.18464 0.29685700000000004 0.6956859999999999 0.862225 -0.1 0.434316 -1.89579 4.34374 -0.8634940000000001 2.46632 -0.610765 -1.73838 -2.9007 0.133717 0.143791 0.0358491 
98.3401 8000.0 0.011776700000000001 0.021525700000000002 0.0519756 1.22204 0.9999959999999999 0.0498815 0 0 -10 
0.335857 -5.07356 0 -4.11989 0.29094000000000003 0.708508 0.851 -0.1 0.506283 -1.91114 4.367319999999999 -0.799271 2.4802299999999997 -0.562283 -1.71625 -2.85984 0.141494 0.131915 0.0334714 
98.5894 8000.0 0.011584700000000002 0.0213825 0.0517351 1.22204 0.9999969999999999 0.0498959 0 0 -10 
0.35267600000000005 -5.08573 0 -4.05586 0.285033 0.72101 0.8401270000000001 -0.1 0.575976 -1.9256900000000001 4.39035 -0.73659 2.4936 -0.5146350000000001 -1.69472 -2.8202599999999998 0.149074 0.12099800000000001 0.031116900000000003 
98.8258 8000.0 0.0114144 0.0212555 0.0515216 1.22204 0.9999969999999999 0.0499087 0 0 -10 
0.368858 -5.0972599999999995 0 -3.9932 0.27921 0.7330979999999999 0.829675 -0.1 0.642969 -1.9394200000000001 4.41265 -0.675928 2.50637 -0.46825 -1.6739400000000002 -2.78222 0.156403 0.110989 0.0288103 
99.0499 8000.0 0.011263500000000001 0.021143000000000002 0.0513325 1.22204 0.9999979999999999 0.049920099999999995 0 0 -10 
0.384321 -5.108140000000001 0 -3.93245 0.273528 0.744699 0.819693 -0.1 0.7069310000000001 -1.9523099999999998 4.43406 -0.6176699999999999 2.5185 -0.42347700000000005 -1.65402 -2.7459 0.163434 0.101838 0.026571800000000003 
99.2618 8000.0 0.0111301 0.0210435 0.0511654 1.22204 0.9999979999999999 0.0499301 0 0 -10 
0.39900399999999997 -5.11834 0 -3.87405 0.26803499999999997 0.755754 0.810222 -0.1 0.767618 -1.9643599999999999 4.45449 -0.56211 2.5299400000000003 -0.380591 -1.63506 -2.71144 0.17013399999999998 0.0934942 0.0244178 
99.462 8000.0 0.0110123 0.0209557 0.0510178 1.22204 0.9999979999999999 0.0499389 0 0 -10 
0.412864 -5.12788 0 -3.8183199999999995 0.26277 0.766224 0.8012859999999999 -0.1 0.824865 -1.97557 4.47385 -0.509462 2.54069 -0.339796 -1.61713 -2.67893 0.176479 0.0859052 0.022360599999999998 
99.6509 8000.0 0.0109086 0.0208783 0.050887800000000004 1.22204 0.999999 0.0499467 0 0 -10 
0.42587600000000003 -5.13675 0 -3.7654900000000002 0.257751 0.776083 0.7928890000000001 -0.1 0.8785940000000001 -1.98594 4.4921 -0.459879 2.55076 -0.301228 -1.6002299999999998 -2.6484099999999997 0.182451 0.07902100000000001 0.0204095 
99.8289 8000.0 0.010817299999999998 0.020810299999999997 0.0507735 1.22204 0.999999 0.0499536 0 0 -10 
0.43802399999999997 -5.145 0 -3.7157199999999997 0.252974 0.7853289999999999 0.784991 -0.1 0.928834 -1.99543 4.50922 -0.413483 2.56023 -0.264944 -1.5843200000000002 -2.61983 0.18804200000000001 0.0727947 0.0185704 
99.9965 8000.0 0.0107372 0.020750599999999998 0.0506731 1.22204 0.999999 0.0499596 0 0 -10 
0.449301 -5.15269 0 -3.6690699999999996 0.248396 0.793979 0.7775 -0.1 0.9757290000000001 -2.00393 4.52528 -0.370386 2.56929 -0.230922 -1.56922 -2.59305 0.193245 0.0671836 0.0168469 
100.154 8000.0 0.010667200000000002 0.020698400000000002 0.0505852 1.22204 0.9999959999999999 0.0499649 0 0 -10 
0.45970900000000003 -5.15992 0 -3.62554 0.24394899999999997 0.802067 0.770281 -0.1 1.01952 -2.01127 4.5403400000000005 -0.330691 2.57818 -0.199075 -1.5547 -2.5678400000000003 0.19805999999999999 0.0621496 0.015240100000000001 
100.302 8000.0 0.0106111 0.020657299999999996 0.0505112 1.22204 0.999936 0.0499698 0 0 -10 
0.46925500000000003 -5.16678 0 -3.5851 0.239548 0.8096399999999999 0.763175 -0.1 1.0605 -2.01727 4.55452 -0.294479 2.58719 -0.169268 -1.54047 -2.54393 0.202491 0.057657400000000004 0.013749500000000001 
100.441 8000.0 0.0105862 0.0206428 0.0504599 1.22204 0.9996139999999999 0.049975099999999995 0 0 -10 
0.47795200000000004 -5.173369999999999 0 -3.5476400000000003 0.235107 0.8167479999999999 0.756023 -0.1 1.099 -2.02175 4.56794 -0.261799 2.5966 -0.141343 -1.52623 -2.52104 0.206542 0.05367380000000001 0.0123727 
100.571 8000.0 0.010628799999999999 0.020687200000000003 0.050450999999999996 1.22204 0.9986139999999999 0.049982599999999995 0 0 -10 
0.48582299999999995 -5.1798 0 -3.51306 0.23054899999999998 0.8234450000000001 0.748683 -0.1 1.13533 -2.02457 4.58071 -0.232654 2.60669 -0.11513599999999999 -1.51173 -2.49891 0.21022600000000002 0.0501664 0.0111066 
100.70657720981492 8000.0 0.010790600000000001 0.0208365 0.050512800000000004 1.22204 0.996351 0.049994800000000006 0 0 -10 
0.49289700000000003 -5.18614 0 -3.48121 0.225809 0.8297770000000001 0.741041 -0.1 1.16977 -2.02563 4.5929199999999994 -0.20699800000000002 2.61763 -0.0904881 -1.49676 -2.4773099999999997 0.213556 0.0471029 0.00994664 
100.86226455322331 8000.0 0.0111303 0.0211427 0.0506776 1.22204 0.9921620000000001 0.0500142 0 0 -10 
0.49921000000000004 -5.19244 0 -3.45195 0.220847 0.835786 0.733017 -0.1 1.2025700000000001 -2.02489 4.60468 -0.18473599999999998 2.6295599999999997 -0.06725410000000001 -1.48117 -2.45608 0.21654600000000002 0.04445109999999999 0.00888789 
101.03692931656796 8000.0 0.0117054 0.0216571 0.050977 1.22204 0.9853959999999999 0.0500436 0 0 -10 
0.504803 -5.19876 0 -3.4251300000000002 0.21563800000000002 0.841506 0.7245699999999999 -0.1 1.23394 -2.02237 4.61604 -0.165729 2.64255 -0.045308600000000004 -1.4648700000000001 -2.43507 0.219217 0.0421785 0.00792483 
101.23135079145507 8000.0 0.0125654 0.022423500000000002 0.0514381 1.22204 0.975497 0.050085199999999996 0 0 -10 
0.509722 -5.20512 0 -3.40058 0.210182 0.846966 0.715691 -0.1 1.2640200000000001 -2.0181400000000003 4.62704 -0.149797 2.65659 -0.0245466 -1.4478600000000001 -2.41423 0.221588 0.0402525 0.00705162 
101.4452209946593 8000.0 0.013746799999999998 0.023474400000000003 0.052081100000000005 1.22204 0.96205 0.0501408 0 0 -10 
0.5140140000000001 -5.2115 0 -3.37816 0.204492 0.8521850000000001 0.7064020000000001 -0.1 1.29292 -2.01231 4.63773 -0.136726 2.67162 -0.00488302 -1.43016 -2.39352 0.22368000000000002 0.0386407 0.00626229 
101.68014567270096 8000.0 0.015271200000000002 0.0248289 0.052917700000000005 1.22204 0.9448120000000001 0.05021130000000001 0 0 -10 
0.517731 -5.2179199999999994 0 -3.3577199999999996 0.198599 0.8571770000000001 0.696753 -0.1 1.32071 -2.00504 4.64811 -0.126283 2.6875400000000003 0.013749200000000001 -1.4118700000000002 -2.37297 0.225514 0.0373115 0.00555082 
101.93364558781887 8000.0 0.017144299999999998 0.0264923 0.0539507 1.22204 0.92371 0.050297 0 0 -10 
0.5209229999999999 -5.22435 0 -3.3391 0.19254200000000002 0.8619530000000001 0.68681 -0.1 1.34743 -1.9965099999999998 4.65819 -0.11822 2.7042 0.031402099999999995 -1.39309 -2.3526 0.22711399999999998 0.0362339 0.00491128 
102.20715808114444 8000.0 0.0193575 0.0284569 0.055175199999999994 1.22204 0.8988389999999999 0.0503976 0 0 -10 
0.523641 -5.23075 0 -3.3221800000000004 0.186369 0.866516 0.676652 -0.1 1.3731 -1.98692 4.66795 -0.11227899999999999 2.72145 0.0481154 -1.37398 -2.3325 0.228501 0.0353784 0.00433786 
102.50003890797785 8000.0 0.021889500000000003 0.0307039 0.056579 1.22204 0.870434 0.05051219999999999 0 0 -10 
0.525935 -5.2371 0 -3.30683 0.180133 0.870871 0.666367 -0.1 1.3977 -1.97645 4.67738 -0.108206 2.73909 0.0639202 -1.35469 -2.3127299999999997 0.22969499999999998 0.0347169 0.00382499 
102.81256433918041 8000.0 0.0247087 0.0332054 0.058144299999999996 1.22204 0.838843 0.0506394 0 0 -10 
0.5278510000000001 -5.24337 0 -3.2929199999999996 0.17388499999999998 0.8750190000000001 0.656043 -0.1 1.42125 -1.9653200000000002 4.68648 -0.105753 2.75697 0.07884119999999999 -1.3353700000000002 -2.29338 0.23071799999999998 0.0342233 0.00336734 
103.14193352182856 8000.0 0.027776 0.035926599999999996 0.0598492 1.22204 0.8045 0.050777499999999996 0 0 -10 
0.529435 -5.24951 0 -3.28033 0.167676 0.878958 0.6457689999999999 -0.1 1.44371 -1.9537200000000001 4.695209999999999 -0.104683 2.77489 0.0928994 -1.31619 -2.27454 0.23158800000000002 0.0338733 0.00295985 
103.49027109142963 8000.0 0.031047500000000002 0.0388287 0.0616689 1.22204 0.767894 0.0509246 0 0 -10 
0.530729 -5.25549 0 -3.26895 0.161557 0.88269 0.635627 -0.1 1.46507 -1.94183 4.70357 -0.104773 2.7926900000000003 0.10611400000000001 -1.29729 -2.2562900000000004 0.232323 0.03364469999999999 0.00259779 
103.85563002717893 8000.0 0.0344767 0.0418704 0.0635775 1.22204 0.729541 0.0510786 0 0 -10 
0.531771 -5.26129 0 -3.25869 0.15557100000000001 0.886214 0.625692 -0.1 1.4853100000000001 -1.92982 4.711530000000001 -0.10581700000000001 2.81022 0.118505 -1.2788 -2.2387 0.23294 0.0335174 0.00227675 
104.23699474094468 8000.0 0.0380166 0.0450102 0.0655485 1.22204 0.689963 0.051237300000000006 0 0 -10 
0.532597 -5.26687 0 -3.24945 0.149757 0.889532 0.6160329999999999 -0.1 1.50443 -1.9178400000000002 4.7190900000000005 -0.10763099999999999 2.82734 0.130091 -1.26085 -2.2218400000000003 0.23345300000000002 0.0334734 0.00199261 
104.63428438990552 8000.0 0.0416217 0.0482077 0.06755660000000001 1.22204 0.649667 0.051398900000000004 0 0 -10 
0.533238 -5.27222 0 -3.24114 0.144147 0.8926440000000001 0.606704 -0.1 1.52243 -1.90602 4.72624 -0.110045 2.8439400000000004 0.14089400000000002 -1.24353 -2.2057599999999997 0.23387800000000003 0.033496899999999996 0.00174161 
105.04635640203499 8000.0 0.0452491 0.05142480000000001 0.0695776 1.22204 0.6091310000000001 0.0515614 0 0 -10 
0.533723 -5.27732 0 -3.23368 0.13877 0.8955540000000001 0.597754 -0.1 1.53931 -1.89447 4.73297 -0.112918 2.8599200000000002 0.15093800000000002 -1.22694 -2.1905 0.23422600000000002 0.03357430000000001 0.00152051 
105.47201020293414 8000.0 0.0488594 0.05462669999999999 0.0715895 1.22204 0.568793 0.0517231 0 0 -10 
0.534086 -5.28215 0 -3.22705 0.13364 0.8982629999999999 0.5892029999999999 -0.1 1.55504 -1.8832799999999998 4.73928 -0.116164 2.87522 0.160221 -1.2111399999999999 -2.1760900000000003 0.234512 0.0337014 0.0013300999999999999 
105.90999113185565 8000.0 0.052417700000000005 0.057782400000000005 0.07357280000000001 1.22204 0.529043 0.0518823 0 0 -10 
0.534375 -5.28673 0 -3.2214 0.128751 0.900761 0.581024 -0.1 1.5695299999999999 -1.87253 4.74518 -0.11985599999999999 2.8898200000000003 0.16867200000000002 -1.19626 -2.16257 0.23475700000000002 0.0338994 0.00118318 
106.35999453414627 8000.0 0.05589349999999999 0.0608649 0.07551039999999999 1.22204 0.490217 0.052037900000000005 0 0 -10 
0.534668 -5.2911 0 -3.21713 0.12406500000000001 0.903027 0.573117 -0.1 1.58255 -1.86225 4.75068 -0.12427300000000001 2.9037900000000003 0.176112 -1.1824299999999999 -2.1499900000000003 0.234994 0.0342249 0.00110966 
106.81967001675929 8000.0 0.059261400000000006 0.0638516 0.07738810000000002 1.22204 0.45260100000000003 0.0521885 0 0 -10 
0.5350630000000001 -5.2952900000000005 0 -3.21483 0.119521 0.905026 0.565327 -0.1 1.59374 -1.85247 4.75579 -0.12987100000000001 2.91723 0.182275 -1.1698600000000001 -2.13841 0.23526799999999998 0.034763499999999996 0.0011535 
107.28962585295591 8000.0 0.0625005 0.06672410000000001 0.0791941 1.22204 0.41642700000000005 0.05233340000000001 0 0 -10 
0.535666 -5.29938 0 -3.2152 0.11504400000000001 0.9067209999999999 0.557467 -0.1 1.60275 -1.84322 4.76054 -0.137195 2.9303 0.186854 -1.1587399999999999 -2.1279 0.23562399999999997 0.0356157 0.0013655999999999998 
107.76643352182856 8000.0 0.0655945 0.0694678 0.0809194 1.22204 0.38187600000000005 0.052471699999999996 0 0 -10 
0.536583 -5.30344 0 -3.2189200000000002 0.11055599999999999 0.9080729999999999 0.549346 -0.1 1.6091799999999998 -1.8344799999999999 4.764959999999999 -0.146795 2.9431700000000003 0.189547 -1.1492799999999999 -2.1185 0.236109 0.036881300000000006 0.00179618 
108.25063236783922 8000.0 0.0685313 0.0720722 0.0825572 1.22204 0.349081 0.052603 0 0 -10 
0.537902 -5.307519999999999 0 -3.2265900000000003 0.105985 0.9090520000000001 0.540794 -0.1 1.6127200000000002 -1.8262599999999998 4.76905 -0.159148 2.95597 0.190101 -1.14162 -2.11025 0.23676 0.0386466 0.00248853 
108.73973436517417 8000.0 0.0713027 0.0745298 0.0841028 1.22204 0.318135 0.0527269 0 0 -10 
0.5396920000000001 -5.31168 0 -3.23864 0.10127699999999999 0.909637 0.531678 -0.1 1.61316 -1.81853 4.77286 -0.174612 2.96883 0.188334 -1.13586 -2.10317 0.23760900000000001 0.0409763 0.00347481 
109.23222897137491 8000.0 0.0739039 0.0768365 0.08555360000000001 1.22204 0.289091 0.052843100000000004 0 0 -10 
0.541994 -5.31594 0 -3.2553099999999997 0.0963898 0.9098209999999999 0.5219090000000001 -0.1 1.61039 -1.81128 4.77639 -0.193395 2.98184 0.18415 -1.13206 -2.09724 0.23867399999999997 0.0439084 0.00477383 
109.72758805441366 8000.0 0.0763331 0.0789907 0.0869085 1.22204 0.261969 0.05295169999999999 0 0 -10 
0.544826 -5.32032 0 -3.2766599999999997 0.0913043 0.9096059999999999 0.5114449999999999 -0.1 1.6044100000000001 -1.8045 4.779669999999999 -0.21555700000000003 2.99505 0.177543 -1.13019 -2.09245 0.239963 0.047453800000000004 0.00639061 
110.22427087714247 8000.0 0.078591 0.080993 0.0881679 1.22204 0.23675900000000002 0.0530526 0 0 -10 
0.548181 -5.32484 0 -3.3025599999999997 0.0860171 0.909008 0.500289 -0.1 1.59532 -1.7981599999999998 4.782719999999999 -0.24100700000000003 3.00847 0.16859100000000002 -1.13019 -2.08873 0.241473 0.051597199999999996 0.00831715 
110.71972912285753 8000.0 0.0806806 0.0828459 0.08933350000000001 1.22204 0.21343 0.053146000000000006 0 0 -10 
0.552029 -5.32948 0 -3.3327199999999997 0.0805412 0.9080520000000001 0.48848500000000006 -0.1 1.58331 -1.79224 4.78556 -0.269532 3.02209 0.157442 -1.13196 -2.08602 0.24319200000000002 0.0563009 0.0105342 
111.21441194558635 8000.0 0.0826064 0.0845537 0.0904077 1.22204 0.19193 0.053232 0 0 -10 
0.556326 -5.334230000000001 0 -3.3667199999999995 0.07490219999999999 0.9067700000000001 0.476109 -0.1 1.56867 -1.78673 4.78819 -0.300815 3.03587 0.144305 -1.13534 -2.0842400000000003 0.245101 0.061509100000000004 0.0130132 
111.70477102862509 8000.0 0.0843745 0.0861215 0.091394 1.22204 0.172192 0.053311000000000004 0 0 -10 
0.561014 -5.33906 0 -3.40406 0.06913580000000001 0.9052 0.463261 -0.1 1.5517100000000001 -1.7816 4.79064 -0.334461 3.04973 0.12943 -1.14015 -2.0832900000000003 0.24717600000000003 0.0671522 0.0157192 
112.19026563482583 8000.0 0.08599180000000001 0.0875557 0.0922962 1.22204 0.154136 0.05338330000000001 0 0 -10 
0.566026 -5.34393 0 -3.44415 0.0632841 0.903385 0.45005500000000004 -0.1 1.53278 -1.7768400000000002 4.79291 -0.370031 3.0636200000000002 0.113094 -1.14621 -2.0830900000000003 0.24938600000000002 0.07315219999999999 0.0186124 
112.66936763216077 8000.0 0.0874662 0.08886310000000001 0.0931187 1.22204 0.137677 0.0534491 0 0 -10 
0.571291 -5.34882 0 -3.4864 0.0573928 0.9013690000000001 0.436619 -0.1 1.51227 -1.77242 4.7950099999999996 -0.407055 3.07743 0.09558810000000001 -1.15331 -2.08354 0.251703 0.0794263 0.021651 
113.13756647817144 8000.0 0.088806 0.09005110000000001 0.0938662 1.22204 0.122721 0.053509 0 0 -10 
0.5767369999999999 -5.353680000000001 0 -3.53019 0.0515089 0.899194 0.42307799999999995 -0.1 1.49054 -1.7683400000000002 4.7969599999999994 -0.445063 3.09108 0.0772051 -1.16127 -2.08453 0.25409499999999996 0.0858908 0.0247928 
113.58837414704408 8000.0 0.0900197 0.09112739999999998 0.0945433 1.22204 0.109172 0.05356319999999999 0 0 -10 
0.582292 -5.35849 0 -3.57495 0.045678199999999995 0.8969030000000001 0.409557 -0.1 1.46795 -1.76457 4.79876 -0.483596 3.1045 0.0582284 -1.16987 -2.0859799999999997 0.25653200000000004 0.0924645 0.0279966 
114.0113299832407 8000.0 0.091116 0.0920996 0.0951549 1.22204 0.09693330000000001 0.0536122 0 0 -10 
0.5878909999999999 -5.3632 0 -3.6201 0.039943900000000004 0.8945350000000001 0.396173 -0.1 1.44485 -1.76109 4.80043 -0.522224 3.1175900000000003 0.0389254 -1.1789399999999999 -2.0878 0.258984 0.09907089999999999 0.031223700000000004 
114.39600546585373 8000.0 0.09210360000000001 0.09297530000000001 0.0957059 1.22204 0.08590880000000001 0.0536563 0 0 -10 
0.593471 -5.36779 0 -3.66514 0.034345099999999996 0.892128 0.383033 -0.1 1.42156 -1.7578900000000002 4.80196 -0.560552 3.13029 0.0195411 -1.18832 -2.0899 0.26142600000000005 0.10564000000000001 0.034438699999999996 
114.73400886814436 8000.0 0.09299099999999999 0.09376219999999999 0.09620089999999999 1.22204 0.0760036 0.053695900000000005 0 0 -10 
0.5989770000000001 -5.372240000000001 0 -3.7096199999999997 0.0289164 0.8897129999999999 0.370231 -0.1 1.39835 -1.7549599999999999 4.80337 -0.5982310000000001 3.14253 0.000294558 -1.19784 -2.0922099999999997 0.263833 0.11210899999999999 0.0376098 
115.01398979706585 8000.0 0.0937863 0.09446739999999999 0.0966446 1.22204 0.0671262 0.0537314 0 0 -10 
0.604362 -5.37651 0 -3.75313 0.023687 0.8873190000000001 0.357848 -0.1 1.37547 -1.75227 4.80467 -0.634957 3.15426 -0.0186231 -1.20737 -2.0946700000000003 0.26618600000000003 0.118424 0.0407096 
115.22964359796502 8000.0 0.0944972 0.09509780000000001 0.0970413 1.22204 0.05919019999999999 0.0537632 0 0 -10 
0.609584 -5.3806 0 -3.79536 0.0186806 0.884971 0.34595 -0.1 1.35314 -1.7498200000000002 4.80586 -0.670477 3.1654400000000003 -0.037049599999999995 -1.2168 -2.09722 0.268467 0.12454000000000001 0.0437149 
115.3747156100945 8000.0 0.0951282 0.09565739999999999 0.09739339999999999 1.22204 0.052146500000000005 0.053791399999999996 0 0 -10 
0.6146119999999999 -5.38449 0 -3.83601 0.0139155 0.882689 0.33459 -0.1 1.33151 -1.74758 4.80695 -0.704584 3.17604 -0.054851300000000006 -1.22603 -2.0998099999999997 0.27066100000000004 0.130419 0.0466069 
115.44800525905531 8000.0 0.09567189999999999 0.0961395 0.0976967 1.22204 0.046077099999999996 0.053815699999999994 0 0 -10 
0.619418 -5.38816 0 -3.87489 0.00940524 0.88049 0.323807 -0.1 1.31073 -1.74555 4.80794 -0.737118 3.18604 -0.0719216 -1.23498 -2.10239 0.272758 0.136032 0.049370599999999994 
115.44836997282107 8000.0 0.09610210000000001 0.09652100000000001 0.0979367 1.22204 0.0412755 0.053834900000000005 0 0 -10 
0.623984 -5.39162 0 -3.9118199999999996 0.00515811 0.878387 0.313628 -0.1 1.29092 -1.7437 4.80884 -0.7679630000000001 3.19542 -0.08817960000000001 -1.24358 -2.10493 0.27474899999999997 0.14135899999999998 0.051995000000000006 
115.37672890857037 8000.0 0.0963752 0.0967632 0.09808910000000001 1.22204 0.038226300000000005 0.0538471 0 0 -10 
0.6282949999999999 -5.39485 0 -3.9467 0.00117834 0.876389 0.30407 -0.1 1.27213 -1.74203 4.80966 -0.79704 3.20419 -0.103567 -1.25179 -2.10741 0.27662800000000004 0.146384 0.0544725 
115.23606647817144 8000.0 0.0964384 0.0968192 0.09812430000000001 1.22204 0.037521 0.0538499 0 0 -10 
0.6323449999999999 -5.397869999999999 0 -3.9794699999999996 -0.00253375 0.874502 0.295137 -0.1 1.25444 -1.7405099999999998 4.81041 -0.824306 3.21235 -0.118048 -1.25957 -2.1098 0.278393 0.151099 0.056798699999999994 
115.03083566081958 8000.0 0.0962376 0.09664110000000001 0.0980122 1.22204 0.0397614 0.0538409 0 0 -10 
0.636128 -5.40067 0 -4.01008 -0.00598113 0.8727309999999999 0.286826 -0.1 1.23786 -1.73915 4.8110800000000005 -0.849749 3.21991 -0.131602 -1.2669 -2.1120900000000002 0.280042 0.155502 0.058971800000000005 
114.76546109202215 8000.0 0.09572539999999999 0.09618689999999999 0.09772639999999999 1.22204 0.0454779 0.0538181 0 0 -10 
0.6396470000000001 -5.40325 0 -4.0385599999999995 -0.00916954 0.871078 0.27912800000000004 -0.1 1.2224 -1.7379200000000001 4.8116900000000005 -0.873381 3.22689 -0.144226 -1.27376 -2.11425 0.281574 0.159594 0.0609923 
114.44514191885555 8000.0 0.0948658 0.0954247 0.0972466 1.22204 0.0550715 0.0537797 0 0 -10 
0.6429050000000001 -5.40564 0 -4.06492 -0.012107 0.869541 0.272025 -0.1 1.2080600000000001 -1.73682 4.81224 -0.895236 3.2333 -0.155931 -1.28016 -2.1163 0.282993 0.16338 0.0628625 
114.07525441218112 8000.0 0.0936373 0.09433539999999999 0.09656110000000001 1.22204 0.0687821 0.0537249 0 0 -10 
0.64591 -5.40782 0 -4.089230000000001 -0.014803299999999998 0.8681200000000001 0.265498 -0.1 1.19481 -1.73583 4.81273 -0.915367 3.2391799999999997 -0.166736 -1.28608 -2.11821 0.284301 0.16686800000000002 0.0645867 
113.66085432729905 8000.0 0.0920337 0.0929134 0.09566619999999999 1.22204 0.08667899999999999 0.0536533 0 0 -10 
0.6486689999999999 -5.40982 0 -4.11156 -0.0172698 0.8668100000000001 0.259519 -0.1 1.18262 -1.7349400000000001 4.8131699999999995 -0.93384 3.24455 -0.176671 -1.29156 -2.11999 0.285503 0.170071 0.06616989999999999 
113.20697900534068 8000.0 0.09006339999999999 0.0911664 0.09456669999999999 1.22204 0.108668 0.0535653 0 0 -10 
0.6511939999999999 -5.41164 0 -4.13199 -0.0195184 0.865609 0.254063 -0.1 1.17144 -1.73415 4.8135699999999995 -0.950729 3.2494400000000003 -0.185771 -1.29659 -2.12164 0.286602 0.17300000000000001 0.0676185 
112.71804920854493 8000.0 0.0877478 0.08911310000000001 0.0932745 1.22204 0.134512 0.0534619 0 0 -10 
0.653497 -5.41329 0 -4.1506300000000005 -0.0215622 0.864511 0.249099 -0.1 1.16124 -1.73344 4.8139199999999995 -0.9661200000000001 3.25388 -0.194078 -1.3012 -2.12316 0.28760399999999997 0.175671 0.06893930000000001 
112.19817068343204 8000.0 0.0851187 0.08678179999999999 0.0918074 1.22204 0.163854 0.053344600000000006 0 0 -10 
0.65559 -5.41479 0 -4.1675699999999996 -0.0234142 0.863511 0.24459699999999998 -0.1 1.15195 -1.73281 4.81424 -0.9801 3.2579 -0.20163399999999998 -1.3054 -2.12455 0.288515 0.178097 0.0701397 
111.65063544677668 8000.0 0.0822158 0.0842078 0.0901875 1.22204 0.196252 0.053215 0 0 -10 
0.657487 -5.41615 0 -4.18291 -0.0250877 0.8626030000000001 0.24052600000000002 -0.1 1.14352 -1.73225 4.81452 -0.9927600000000001 3.26152 -0.20848699999999998 -1.30922 -2.12583 0.28934 0.180295 0.07122730000000001 
111.07862279018508 8000.0 0.0790842 0.0814309 0.08843989999999999 1.22204 0.231204 0.053075199999999996 0 0 -10 
0.659201 -5.41737 0 -4.19678 -0.026595799999999996 0.8617799999999999 0.236854 -0.1 1.1359 -1.7317599999999997 4.814769999999999 -1.00419 3.26479 -0.21468299999999998 -1.3126799999999998 -2.12699 0.290086 0.18228 0.07221 
110.4846 8000.0 0.0757716 0.0784936 0.0865913 1.22204 0.26817399999999997 0.052927300000000004 0 0 -10 
0.660745 -5.41846 0 -4.209280000000001 -0.027951499999999997 0.8610389999999999 0.233551 -0.1 1.1290200000000001 -1.73132 4.815 -1.01449 3.26772 -0.220269 -1.3158100000000001 -2.12805 0.290758 0.184068 0.0730952 
106.33482863455623 8000.0 0.0723266 0.0754388 0.08466889999999999 1.22204 0.306623 0.0527735 0 0 -10 
0.662133 -5.41945 0 -4.22051 -0.029167099999999998 0.8603709999999999 0.230587 -0.1 1.12284 -1.7309299999999999 4.81519 -1.02373 3.27035 -0.22529200000000002 -1.31863 -2.129 0.291362 0.185674 0.0738908 
102.95049613336664 8000.0 0.0687965 0.0723086 0.082699 1.22204 0.346021 0.0526159 0 0 -10 
0.663377 -5.420319999999999 0 -4.230580000000001 -0.0302546 0.859771 0.22793400000000003 -0.1 1.11729 -1.73059 4.81537 -1.0320200000000002 3.2726900000000003 -0.22979699999999997 -1.3211700000000002 -2.12987 0.291903 0.187114 0.0746039 
100.17150566046934 8000.0 0.0652262 0.0691428 0.0807066 1.22204 0.385869 0.0524565 0 0 -10 
0.6644899999999999 -5.42111 0 -4.23958 -0.031225299999999998 0.859234 0.22556500000000002 -0.1 1.1123299999999998 -1.73029 4.815519999999999 -1.0394299999999999 3.2747900000000003 -0.233829 -1.32344 -2.13064 0.292387 0.188402 0.0752415 
97.87184490668318 8000.0 0.061657000000000003 0.0659779 0.0787148 1.22204 0.42570399999999997 0.052297199999999995 0 0 -10 
0.665483 -5.42181 0 -4.2476199999999995 -0.0320899 0.8587549999999999 0.223453 -0.1 1.10789 -1.7300200000000001 4.81566 -1.04603 3.27665 -0.237427 -1.3254700000000001 -2.1313400000000002 0.292819 0.18955 0.0758105 
95.95195615238438 8000.0 0.058125699999999995 0.0628467 0.0767443 1.22204 0.46511499999999995 0.0521395 0 0 -10 
0.666367 -5.42243 0 -4.25477 -0.0328585 0.8583270000000001 0.221575 -0.1 1.10394 -1.7297900000000002 4.81578 -1.05192 3.27831 -0.24063299999999999 -1.3272899999999999 -2.13196 0.293204 0.190572 0.0763171 
94.3336688930033 7999.93 0.0546648 0.0597778 0.074813 1.22204 0.503741 0.051985 0 0 -10 
0.667153 -5.42298 0 -4.2611300000000005 -0.0335403 0.8579469999999999 0.219908 -0.1 1.10043 -1.72958 4.81588 -1.05714 3.2797699999999996 -0.243483 -1.3289 -2.13251 0.293545 0.19148099999999998 0.0767671 
92.9551619272188 7999.19 0.051301599999999996 0.056795500000000006 0.07293619999999999 1.22204 0.541277 0.0518349 0 0 -10 
0.66785 -5.42347 0 -4.26676 -0.0341441 0.85761 0.21843200000000002 -0.1 1.09731 -1.7294 4.815980000000001 -1.06177 3.2810699999999997 -0.24600999999999998 -1.33033 -2.13301 0.293848 0.19228599999999998 0.07716619999999999 
91.76759281657742 7995.82 0.0480586 0.05391990000000001 0.07112639999999999 1.22204 0.577472 0.051690099999999996 0 0 -10 
0.668467 -5.4239 0 -4.27175 -0.0346779 0.857311 0.217126 -0.1 1.09455 -1.72924 4.81606 -1.06587 3.2822199999999997 -0.24824899999999997 -1.3316 -2.13345 0.294116 0.192998 0.0775195 
90.73228849669125 7986.16 0.0449536 0.051166699999999996 0.0693938 1.22204 0.612125 0.0515515 0 0 -10 
0.6690119999999999 -5.42428 0 -4.27616 -0.03514880000000001 0.8570459999999999 0.215973 -0.1 1.0921100000000001 -1.72911 4.81613 -1.06949 3.28323 -0.250227 -1.33273 -2.13384 0.29435300000000003 0.193628 0.0778316 
89.81893478117883 7965.33 0.042000199999999994 0.048547900000000005 0.0677457 1.22204 0.645087 0.0514197 0 0 -10 
0.669492 -5.4246099999999995 0 -4.28005 -0.0355637 0.8568129999999999 0.214957 -0.1 1.08996 -1.7289900000000002 4.81619 -1.0726799999999999 3.2841199999999997 -0.251972 -1.33372 -2.1341799999999997 0.294562 0.194183 0.0781068 
89.00323708911426 7927.98 0.039207900000000004 0.0460719 0.0661875 1.22204 0.676251 0.05129500000000001 0 0 -10 
0.669916 -5.42491 0 -4.2834699999999994 -0.0359286 0.856607 0.21406399999999998 -0.1 1.08806 -1.72888 4.8162400000000005 -1.07549 3.28491 -0.25351 -1.33459 -2.13449 0.294746 0.194672 0.0783492 
88.26615194269804 7869.02 0.0365826 0.043744 0.0647224 1.22204 0.705551 0.0511778 0 0 -10 
0.670288 -5.42517 0 -4.28648 -0.0362491 0.856426 0.213279 -0.1 1.08639 -1.72879 4.81629 -1.07795 3.28559 -0.254862 -1.33536 -2.13476 0.294908 0.195102 0.0785622 
87.59231019603786 7784.18 0.034127099999999994 0.0415666 0.0633522 1.22204 0.732957 0.051068199999999994 0 0 -10 
0.670614 -5.42539 0 -4.28912 -0.036530099999999996 0.856267 0.21259 -0.1 1.08492 -1.7287099999999997 4.816330000000001 -1.08012 3.2862 -0.25604899999999997 -1.33604 -2.13499 0.29505 0.19547899999999999 0.07874919999999999 
86.96966980512639 7670.44 0.0318413 0.0395398 0.062076599999999996 1.22204 0.758467 0.0509661 0 0 -10 
0.670901 -5.425590000000001 0 -4.291440000000001 -0.036776199999999995 0.8561280000000001 0.21198699999999998 -0.1 1.08364 -1.7286400000000002 4.81637 -1.08202 3.2867300000000004 -0.257089 -1.33664 -2.1352 0.295175 0.19580899999999998 0.07891310000000001 
86.3886492064667 7526.11 0.0297233 0.037661599999999996 0.0608947 1.22204 0.7821060000000001 0.0508716 0 0 -10 
0.671151 -5.4257599999999995 0 -4.29347 -0.0369914 0.8560059999999999 0.211459 -0.1 1.08251 -1.72858 4.8164 -1.08368 3.2871900000000003 -0.258 -1.3371600000000001 -2.13538 0.295283 0.196099 0.0790566 
85.84150280301412 7350.92 0.0277688 0.0359286 0.059803999999999996 1.22204 0.80392 0.050784300000000004 0 0 -10 
0.67137 -5.42592 0 -4.29524 -0.0371793 0.855899 0.210998 -0.1 1.0815299999999999 -1.72853 4.81643 -1.08513 3.2875900000000002 -0.258797 -1.33761 -2.13554 0.295379 0.196351 0.079182 
85.32210826364222 7145.87 0.0259724 0.0343357 0.058801599999999996 1.22204 0.8239690000000001 0.0507041 0 0 -10 
0.671562 -5.42605 0 -4.2967900000000006 -0.03734319999999999 0.855806 0.210596 -0.1 1.08067 -1.72848 4.81645 -1.0864 3.2879400000000003 -0.259492 -1.3380100000000001 -2.13568 0.295462 0.196572 0.0792914 
84.82564180023405 6913.04 0.024327500000000002 0.03287709999999999 0.0578836 1.22204 0.8423280000000001 0.050630699999999994 0 0 -10 
0.671728 -5.426159999999999 0 -4.2981300000000005 -0.037486 0.8557239999999999 0.21024600000000002 -0.1 1.07992 -1.7284400000000002 4.81647 -1.08751 3.28825 -0.260098 -1.33836 -2.1358099999999998 0.295534 0.19676400000000002 0.07938680000000001 
84.34792266772783 6655.4 0.0228264 0.0315461 0.057046000000000006 1.22204 0.85908 0.050563699999999996 0 0 -10 
0.6718729999999999 -5.42626 0 -4.29931 -0.037610199999999996 0.8556530000000001 0.209941 -0.1 1.0792700000000002 -1.7284099999999998 4.81649 -1.08847 3.28851 -0.260626 -1.33866 -2.13591 0.295597 0.196932 0.0794699 
83.88601213048238 6376.51 0.0214612 0.0303355 0.056284100000000004 1.22204 0.874317 0.0505027 0 0 -10 
0.672 -5.42635 0 -4.300330000000001 -0.03771819999999999 0.855592 0.20967600000000003 -0.1 1.0787 -1.72838 4.81651 -1.0893 3.28874 -0.26108600000000004 -1.33892 -2.136 0.295652 0.197077 0.0795421 
83.43725528407948 6080.36 0.0202233 0.0292379 0.055593399999999994 1.22204 0.888133 0.0504475 0 0 -10 
0.6721090000000001 -5.42643 0 -4.30122 -0.0378119 0.8555379999999999 0.209445 -0.1 1.0782100000000001 -1.72835 4.81652 -1.0900299999999998 3.28894 -0.26148499999999997 -1.33915 -2.1360900000000003 0.2957 0.197204 0.07960489999999999 
82.99955659683586 5771.11 0.0191043 0.028245599999999996 0.054968899999999994 1.22204 0.9006219999999999 0.050397500000000005 0 0 -10 
0.672205 -5.42649 0 -4.30198 -0.037893199999999995 0.855492 0.20924600000000002 -0.1 1.07778 -1.72833 4.81653 -1.09066 3.2891199999999996 -0.261831 -1.33935 -2.13616 0.295741 0.19731400000000002 0.07965939999999999 
82.57128198281036 5452.92 0.0180955 0.027351099999999996 0.054405999999999996 1.22204 0.9118809999999999 0.050352499999999994 0 0 -10 
0.672287 -5.42655 0 -4.30265 -0.0379636 0.8554510000000001 0.209073 -0.1 1.07741 -1.7283099999999998 4.81654 -1.09121 3.2892699999999997 -0.26213200000000003 -1.33952 -2.1362200000000002 0.295777 0.197409 0.0797066 
82.15108175044254 5129.8 0.017188400000000003 0.026546800000000002 0.053899800000000005 1.22204 0.922004 0.050312 0 0 -10 
0.672358 -5.4266 0 -4.30323 -0.0380246 0.855416 0.208923 -0.1 1.0770899999999999 -1.7283 4.81655 -1.09168 3.2894 -0.262392 -1.3396700000000001 -2.13627 0.295808 0.197491 0.0797474 
81.73782997665042 4805.52 0.016374899999999998 0.025825400000000002 0.05344580000000001 1.22204 0.931083 0.05027569999999999 0 0 -10 
0.67242 -5.42664 0 -4.303730000000001 -0.0380773 0.8553860000000001 0.208794 -0.1 1.07681 -1.7282799999999998 4.81656 -1.09209 3.28951 -0.262617 -1.3398 -2.13632 0.295835 0.197562 0.0797828 
81.33057680488282 4483.51 0.0156471 0.0251801 0.053039699999999995 1.22204 0.939206 0.050243199999999995 0 0 -10 
0.672474 -5.42668 0 -4.3041599999999995 -0.0381228 0.85536 0.208682 -0.1 1.07657 -1.72827 4.81656 -1.0924399999999999 3.2896099999999997 -0.262811 -1.33991 -2.13636 0.295858 0.197624 0.0798133 
80.92861091205609 4166.8 0.0149974 0.0246039 0.0526771 1.22204 0.946458 0.0502142 0 0 -10 
0.67252 -5.42671 0 -4.304530000000001 -0.038162 0.8553370000000001 0.208585 -0.1 1.07636 -1.72826 4.81657 -1.09275 3.2896900000000002 -0.262979 -1.3400100000000001 -2.13639 0.29587800000000003 0.197677 0.0798397 
80.53132997661876 3858.0 0.014418700000000001 0.0240908 0.05235419999999999 1.22204 0.952916 0.050188300000000005 0 0 -10 
0.67256 -5.426740000000001 0 -4.30486 -0.0381959 0.855318 0.208502 -0.1 1.07618 -1.72825 4.81657 -1.09301 3.28976 -0.26312399999999997 -1.34009 -2.13642 0.295896 0.197723 0.0798625 
80.13821744210018 3559.31 0.013904300000000001 0.0236346 0.05206709999999999 1.22204 0.958658 0.0501654 0 0 -10 
0.6725939999999999 -5.42676 0 -4.30513 -0.0382251 0.855301 0.20843000000000003 -0.1 1.0760299999999998 -1.7282400000000002 4.81658 -1.09324 3.2898300000000003 -0.26324899999999996 -1.34017 -2.13645 0.29591 0.197762 0.0798821 
79.7489242341001 3272.49 0.013447899999999999 0.02323 0.0518125 1.22204 0.963751 0.050145 0 0 -10 
0.672623 -5.42678 0 -4.30537 -0.0382502 0.8552870000000001 0.208369 -0.1 1.0759 -1.7282400000000002 4.81658 -1.09343 3.28988 -0.263356 -1.34023 -2.13647 0.295923 0.197796 0.079899 
79.36305437476743 2998.91 0.013043899999999999 0.022871700000000002 0.051587 1.22204 0.96826 0.050127 0 0 -10 
0.6726489999999999 -5.4268 0 -4.30558 -0.0382717 0.855274 0.20831599999999997 -0.1 1.07578 -1.72823 4.81658 -1.0936 3.2899300000000005 -0.263449 -1.34028 -2.1364900000000002 0.29593400000000003 0.197826 0.0799135 
78.9726 2739.57 0.0126868 0.022555000000000002 0.051387699999999994 1.22204 0.9722459999999999 0.050111 0 0 -10 
0.672671 -5.42681 0 -4.30575 -0.0382903 0.8552639999999999 0.20826999999999998 -0.1 1.07568 -1.72823 4.81659 -1.09374 3.28997 -0.26352800000000004 -1.34033 -2.1365 0.295944 0.197851 0.079926 
78.5945 2495.14 0.012371700000000001 0.0222757 0.051211900000000005 1.22204 0.9757629999999999 0.0500969 0 0 -10 
0.672689 -5.426819999999999 0 -4.30591 -0.0383062 0.8552540000000001 0.208231 -0.1 1.0756 -1.72822 4.81659 -1.0938700000000001 3.29 -0.26359699999999997 -1.34037 -2.13652 0.295952 0.197873 0.0799367 
78.2187 2265.98 0.0120941 0.0220296 0.051057 1.22204 0.9788600000000001 0.0500846 0 0 -10 
0.672705 -5.42684 0 -4.30604 -0.038319900000000004 0.855246 0.208197 -0.1 1.0755299999999999 -1.72822 4.81659 -1.09398 3.2900300000000002 -0.26365500000000003 -1.3404 -2.13653 0.295959 0.197891 0.0799459 
77.8452 2052.2 0.0118501 0.0218132 0.0509208 1.22204 0.981584 0.0500737 0 0 -10 
0.672719 -5.42684 0 -4.30615 -0.0383316 0.85524 0.208168 -0.1 1.07546 -1.72822 4.81659 -1.09407 3.29005 -0.263706 -1.34043 -2.13654 0.29596500000000003 0.197907 0.0799538 
77.4738 1853.68 0.011635799999999998 0.0216232 0.0508012 1.22204 0.983975 0.05006409999999999 0 0 -10 
0.6727310000000001 -5.42685 0 -4.30624 -0.038341599999999997 0.855234 0.208144 -0.1 1.07541 -1.7282099999999998 4.81659 -1.09414 3.29008 -0.26374899999999996 -1.34045 -2.13655 0.29596999999999996 0.197921 0.0799606 
77.1047 1670.14 0.0114479 0.021456599999999996 0.0506964 1.22204 0.986072 0.050055699999999995 0 0 -10 
0.672741 -5.42686 0 -4.3063199999999995 -0.038350199999999994 0.8552290000000001 0.208123 -0.1 1.0753700000000002 -1.7282099999999998 4.81659 -1.0942100000000001 3.29009 -0.263786 -1.34048 -2.13656 0.29597399999999996 0.197932 0.07996639999999999 
76.7375 1501.13 0.0112835 0.0213107 0.0506046 1.22204 0.987908 0.05004840000000001 0 0 -10 
0.67275 -5.42687 0 -4.30639 -0.0383576 0.855225 0.20810399999999998 -0.1 1.07533 -1.7282099999999998 4.81659 -1.09427 3.29011 -0.263817 -1.34049 -2.13656 0.295978 0.197942 0.07997130000000001 
76.3724 1346.09 0.0111397 0.0211832 0.050524400000000004 1.22204 0.9895129999999999 0.05004190000000001 0 0 -10 
0.6727569999999999 -5.42687 0 -4.30645 -0.0383639 0.8552209999999999 0.208089 -0.1 1.0752899999999999 -1.7282099999999998 4.8166 -1.0943200000000002 3.2901199999999995 -0.263844 -1.34051 -2.13657 0.295981 0.197951 0.07997560000000001 
76.0093 1204.38 0.0110141 0.0210719 0.0504543 1.22204 0.990914 0.050036300000000006 0 0 -10 
0.672764 -5.426880000000001 0 -4.30651 -0.03836919999999999 0.855218 0.208076 -0.1 1.07526 -1.7282099999999998 4.8166 -1.09436 3.2901300000000004 -0.263867 -1.3405200000000002 -2.13657 0.295984 0.197958 0.07997919999999999 
75.6481 1075.28 0.0109046 0.0209748 0.0503932 1.22204 0.992136 0.0500315 0 0 -10 
0.672769 -5.426880000000001 0 -4.30655 -0.038373800000000007 0.855215 0.208064 -0.1 1.07524 -1.7282099999999998 4.8166 -1.0944 3.29014 -0.263887 -1.34053 -2.13658 0.295987 0.197964 0.07998229999999999 
75.2887 958.053 0.010809299999999999 0.0208903 0.050339999999999996 1.22204 0.9932 0.0500272 0 0 -10 
0.672774 -5.426880000000001 0 -4.30659 -0.0383777 0.8552129999999999 0.20805500000000002 -0.1 1.07522 -1.7282099999999998 4.8166 -1.09443 3.29015 -0.26390399999999997 -1.34054 -2.13658 0.295989 0.19797 0.0799849 
74.9312 851.923 0.0107263 0.0208167 0.0502937 1.22204 0.9941260000000001 0.0500235 0 0 -10 
0.672778 -5.426880000000001 0 -4.30662 -0.0383811 0.855211 0.20804699999999998 -0.1 1.0752 -1.7282 4.8166 -1.09445 3.2901599999999998 -0.263918 -1.34055 -2.13658 0.29599000000000003 0.197974 0.0799872 
74.5755 756.115 0.010654299999999998 0.0207528 0.0502535 1.22204 0.99493 0.050020300000000004 0 0 -10 
0.6727810000000001 -5.42689 0 -4.30665 -0.0383839 0.855209 0.20804 -0.1 1.0751899999999999 -1.7282 4.8166 -1.09447 3.29017 -0.26393099999999997 -1.34056 -2.13659 0.29599200000000003 0.197978 0.07998910000000001 
74.2217 669.86 0.0105917 0.0206974 0.050218599999999995 1.22204 0.9956280000000001 0.0500175 0 0 -10 
0.672784 -5.42689 0 -4.3066699999999996 -0.0383864 0.855208 0.20803400000000002 -0.1 1.0751700000000002 -1.7282 4.8166 -1.09449 3.29017 -0.263941 -1.34057 -2.13659 0.295993 0.197981 0.0799908 
73.8695 592.404 0.0105375 0.0206493 0.050188300000000005 1.22204 0.996233 0.0500151 0 0 -10 
0.672786 -5.42689 0 -4.306690000000001 -0.0383884 0.8552069999999999 0.208029 -0.1 1.0751600000000001 -1.7282 4.8166 -1.09451 3.2901800000000003 -0.26395 -1.34057 -2.13659 0.295994 0.197984 0.0799922 
73.5192 523.02 0.0104905 0.0206076 0.0501621 1.22204 0.996757 0.050013 0 0 -10 
0.672788 -5.42689 0 -4.30671 -0.0383902 0.8552059999999999 0.208024 -0.1 1.07515 -1.7282 4.8166 -1.0945200000000002 3.2901800000000003 -0.26395799999999997 -1.3405799999999999 -2.13659 0.295995 0.197987 0.0799933 
73.1705 461.01199999999994 0.0104499 0.0205716 0.0501395 1.22204 0.9972110000000001 0.0500112 0 0 -10 
0.67279 -5.42689 0 -4.306719999999999 -0.038391699999999994 0.8552049999999999 0.208021 -0.1 1.07514 -1.7282 4.8166 -1.09453 3.2901800000000003 -0.263964 -1.3405799999999999 -2.13659 0.295996 0.197989 0.0799944 
72.8236 405.72 0.0104148 0.0205405 0.0501199 1.22204 0.997603 0.0500096 0 0 -10 
0.6727920000000001 -5.42689 0 -4.30673 -0.0383929 0.8552040000000001 0.208017 -0.1 1.07514 -1.7282 4.8166 -1.09454 3.2901800000000003 -0.263969 -1.3405799999999999 -2.13659 0.295996 0.19799 0.0799952 
72.4783 356.519 0.0103845 0.0205136 0.0501029 1.22204 0.997941 0.0500082 0 0 -10 
0.672793 -5.4269 0 -4.3067400000000005 -0.038394 0.855203 0.208015 -0.1 1.07513 -1.7282 4.8166 -1.09455 3.29019 -0.263974 -1.34059 -2.13659 0.29599699999999995 0.197992 0.0799959 
72.1347 312.829 0.010358299999999999 0.020490400000000002 0.0500883 1.22204 0.998233 0.0500071 0 0 -10 
0.672794 -5.4269 0 -4.30675 -0.0383949 0.855203 0.208012 -0.1 1.07513 -1.7282 4.8166 -1.09456 3.29019 -0.26397800000000005 -1.34059 -2.1366 0.29599699999999995 0.197993 0.0799966 
71.7928 274.107 0.010335700000000001 0.0204704 0.050075800000000004 1.22204 0.9984850000000001 0.0500061 0 0 -10 
0.672795 -5.4269 0 -4.30676 -0.0383957 0.855203 0.208011 -0.1 1.07512 -1.7282 4.8166 -1.09457 3.29019 -0.263981 -1.34059 -2.1366 0.295998 0.197994 0.0799971 
71.4525 239.852 0.0103163 0.0204531 0.0500649 1.22204 0.9987020000000001 0.0500052 0 0 -10 
0.672796 -5.4269 0 -4.306769999999999 -0.0383964 0.855202 0.20800900000000003 -0.1 1.07512 -1.7282 4.8166 -1.09457 3.29019 -0.263984 -1.34059 -2.1366 0.295998 0.197995 0.0799975 
71.1139 209.602 0.0102996 0.0204383 0.0500556 1.22204 0.9988879999999999 0.050004400000000004 0 0 -10 
0.672796 -5.4269 0 -4.306769999999999 -0.0383969 0.855202 0.208008 -0.1 1.07512 -1.7282 4.8166 -1.0945799999999999 3.29019 -0.26398699999999997 -1.34059 -2.1366 0.295998 0.197996 0.0799979 
70.7769 182.935 0.0102852 0.0204256 0.0500476 1.22204 0.999049 0.0500038 0 0 -10 
0.672797 -5.4269 0 -4.306780000000001 -0.0383974 0.855202 0.208006 -0.1 1.07511 -1.7282 4.8166 -1.0945799999999999 3.29019 -0.263989 -1.34059 -2.1366 0.29599899999999996 0.197996 0.07999819999999999 
70.4415 159.464 0.0102729 0.020414599999999998 0.0500407 1.22204 0.999186 0.0500033 0 0 -10 
0.672797 -5.4269 0 -4.306780000000001 -0.0383978 0.855201 0.20800500000000002 -0.1 1.07511 -1.7282 4.8166 -1.0945799999999999 3.2902 -0.263991 -1.34059 -2.1366 0.29599899999999996 0.197997 0.0799985 
70.1077 138.84 0.010262299999999999 0.020405200000000002 0.050034800000000004 1.22204 0.9993049999999999 0.0500028 0 0 -10 
0.672798 -5.4269 0 -4.306780000000001 -0.0383981 0.855201 0.20800500000000002 -0.1 1.07511 -1.7282 4.8166 -1.09459 3.2902 -0.263992 -1.3406 -2.1366 0.29599899999999996 0.197997 0.07999869999999999 
69.7755 120.745 0.0102532 0.0203972 0.050029699999999996 1.22204 0.9994059999999999 0.0500024 0 0 -10 
0.672798 -5.4269 0 -4.30679 -0.038398400000000006 0.855201 0.208004 -0.1 1.07511 -1.7282 4.8166 -1.09459 3.2902 -0.263993 -1.3406 -2.1366 0.29599899999999996 0.197998 0.0799989 
69.4449 104.891 0.0102454 0.0203903 0.0500253 1.22204 0.9994930000000001 0.050002 0 0 -10 
0.672798 -5.4269 0 -4.30679 -0.038398699999999994 0.855201 0.20800300000000002 -0.1 1.07511 -1.7282 4.8166 -1.09459 3.2902 -0.263994 -1.3406 -2.1366 0.29599899999999996 0.197998 0.0799991 
69.1158 91.0201 0.0102387 0.020384400000000004 0.0500216 1.22204 0.999568 0.050001699999999996 0 0 -10 
0.6727989999999999 -5.4269 0 -4.30679 -0.03839890000000001 0.855201 0.20800300000000002 -0.1 1.07511 -1.7282 4.8166 -1.09459 3.2902 -0.263995 -1.3406 -2.1366 0.29599899999999996 0.197998 0.07999919999999999 
68.7883 78.9012 0.010232999999999999 0.0203793 0.050018400000000005 1.22204 0.9996309999999999 0.0500015 0 0 -10 
0.6727989999999999 -5.4269 0 -4.30679 -0.0383991 0.855201 0.208002 -0.1 1.07511 -1.7282 4.8166 -1.09459 3.2902 -0.263996 -1.3406 -2.1366 0.29600000000000004 0.197999 0.0799994 
68.4624 68.3265 0.0102281 0.020375 0.050015699999999996 1.22204 0.9996860000000001 0.050001300000000005 0 0 -10 
0.6727989999999999 -5.4269 0 -4.30679 -0.038399199999999994 0.8552 0.208002 -0.1 1.0751 -1.7282 4.8166 -1.09459 3.2902 -0.263997 -1.3406 -2.1366 0.29600000000000004 0.197999 0.0799995 
68.138 59.1109 0.010223999999999999 0.0203713 0.0500134 1.22204 0.999732 0.0500011 0 0 -10 
0.6727989999999999 -5.4269 0 -4.30679 -0.038399300000000004 0.8552 0.208002 -0.1 1.0751 -1.7282 4.8166 -1.09459 3.2902 -0.263997 -1.3406 -2.1366 0.29600000000000004 0.197999 0.0799995 
67.8152 51.0894 0.0102204 0.020368099999999997 0.050011400000000004 1.22204 0.9997719999999999 0.0500009 0 0 -10 
0.6727989999999999 -5.4269 0 -4.30679 -0.0383994 0.8552 0.20800100000000002 -0.1 1.0751 -1.7282 4.8166 -1.0946 3.2902 -0.263998 -1.3406 -2.1366 0.29600000000000004 0.197999 0.0799996 
67.4939 44.1156 0.0102174 0.020365400000000002 0.0500097 1.22204 0.999806 0.050000800000000005 0 0 -10 
0.6727989999999999 -5.4269 0 -4.3068 -0.0383995 0.8552 0.20800100000000002 -0.1 1.0751 -1.7282 4.8166 -1.0946 3.2902 -0.263998 -1.3406 -2.1366 0.29600000000000004 0.197999 0.07999969999999999 
67.1741 38.0594 0.0102148 0.0203631 0.0500082 1.22204 0.999835 0.050000699999999995 0 0 -10 
0.6728 -5.4269 0 -4.3068 -0.0383996 0.8552 0.20800100000000002 -0.1 1.0751 -1.7282 4.8166 -1.0946 3.2902 -0.263998 -1.3406 -2.1366 0.29600000000000004 0.197999 0.07999969999999999 
66.8559 32.8059 0.0102125 0.0203611 0.050006999999999996 1.22204 0.9998600000000001 0.0500006 0 0 -10 
0.6728 -5.4269 0 -4.3068 -0.038399699999999995 0.8552 0.20800100000000002 -0.1 1.0751 -1.7282 4.8166 -1.0946 3.2902 -0.263999 -1.3406 -2.1366 0.29600000000000004 0.198 0.07999980000000001 
66.5391 28.2535 0.010210700000000001 0.020359400000000003 0.050005900000000006 1.22204 0.9998809999999999 0.050000499999999996 0 0 -10 
0.6728 -5.4269 0 -4.3068 -0.038399699999999995 0.8552 0.20800100000000002 -0.1 1.0751 -1.7282 4.8166 -1.0946 3.2902 -0.263999 -1.3406 -2.1366 0.29600000000000004 0.198 0.07999980000000001 
66.2239 24.3127 0.010209000000000001 0.020358 0.050005 1.22204 0.999899 0.0500004 0 0 -10 
0.6728 -5.4269 0 -4.3068 -0.038399800000000005 0.8552 0.20800100000000002 -0.1 1.0751 -1.7282 4.8166 -1.0946 3.2902 -0.263999 -1.3406 -2.1366 0.29600000000000004 0.198 0.07999980000000001 
65.9102 20.9048 0.010207700000000002 0.020356799999999998 0.0500043 1.22204 0.999914 0.050000300000000004 0 0 -10 
0.6728 -5.4269 0 -4.3068 -0.038399800000000005 0.8552 0.20800000000000002 -0.1 1.0751 -1.7282 4.8166 -1.0946 3.2902 -0.263999 -1.3406 -2.1366 0.29600000000000004 0.198 0.07999989999999998 
65.5979 17.9604 0.0102065 0.0203558 0.0500036 1.22204 0.999927 0.050000300000000004 0 0 -10 
0.6728 -5.4269 0 -4.3068 -0.038399800000000005 0.8552 0.20800000000000002 -0.1 1.0751 -1.7282 4.8166 -1.0946 3.2902 -0.263999 -1.3406 -2.1366 0.29600000000000004 0.198 0.07999989999999998 
65.2871 15.4191 0.010205500000000001 0.020354900000000002 0.0500031 1.22204 0.9999379999999999 0.050000199999999995 0 0 -10 
0.6728 -5.4269 0 -4.3068 -0.0383999 0.8552 0.20800000000000002 -0.1 1.0751 -1.7282 4.8166 -1.0946 3.2902 -0.263999 -1.3406 -2.1366 0.29600000000000004 0.198 0.07999989999999998 
64.9778 13.2275 0.0102047 0.0203541 0.0500026 1.22204 0.999948 0.050000199999999995 0 0 -10 
0.6728 -5.4269 0 -4.3068 -0.0383999 0.8552 0.20800000000000002 -0.1 1.0751 -1.7282 4.8166 -1.0946 3.2902 -0.263999 -1.3406 -2.1366 0.29600000000000004 0.198 0.07999989999999998 
64.67 11.3392 0.010204000000000001 0.0203535 0.0500022 1.22204 0.999956 0.050000199999999995 0 0 -10 
0.6728 -5.4269 0 -4.3068 -0.0383999 0.8552 0.20800000000000002 -0.1 1.0751 -1.7282 4.8166 -1.0946 3.2902 -0.264 -1.3406 -2.1366 0.29600000000000004 0.198 0.07999989999999998 
