# The first two lines (below the comment lines) indicate the name of the vocal fold model and the number of states.
# The following lines contain the control parameters of the vocal folds and the vocal tract (states)
# in steps of 110 audio samples (corresponding to about 2.5 ms for the sampling rate of 44100 Hz).
# For every step, there is one line with the vocal fold parameters followed by
# one line with the vocal tract parameters.
# 
Geometric glottis
311
89.8845 0.0 0.0998 0.0998 0.1 1.22204 0.0 0.054000000000000006 0 0 -10 
0.1076 -3.5838 0.0 -3.1552 0.0718 0.9937 0.8 -0.1 0.3087 -0.8529 4.0864 -1.126 2.6755 0.4215 -2.2342 -2.7735 0.2064 0.0 0.0 
89.8845 0.125994 0.0998 0.0998 0.1 1.22204 0.0 0.054000000000000006 0 0 -10 
0.1076 -3.5838 0.0 -3.1552 0.0718 0.9937 0.8 -0.1 0.3087 -0.8529 4.0864 -1.126 2.6755 0.4215 -2.2342 -2.7735 0.2064 0.0 0.0 
89.8845 11.2398 0.0998 0.0998 0.1 1.22204 0.0 0.054000000000000006 0 0 -10 
0.1076 -3.5838 0.0 -3.1552 0.0718 0.9937 0.8 -0.1 0.3087 -0.8529 4.0864 -1.126 2.6755 0.4215 -2.2342 -2.7735 0.2064 0.0 0.0 
89.8845 84.8008 0.0998 0.0998 0.1 1.22204 0.0 0.054000000000000006 0 0 -10 
0.1076 -3.5838 0.0 -3.1552 0.0718 0.9937 0.8 -0.1 0.3087 -0.8529 4.0864 -1.126 2.6755 0.4215 -2.2342 -2.7735 0.2064 0.0 0.0 
89.8845 289.385 0.0998 0.0998 0.1 1.22204 0.0 0.054000000000000006 0 0 -10 
0.1076 -3.5838 0.0 -3.1552 0.0718 0.9937 0.8 -0.1 0.3087 -0.8529 4.0864 -1.126 2.6755 0.4215 -2.2342 -2.7735 0.2064 0.0 0.0 
89.8845 665.712 0.0998 0.0998 0.1 1.22204 0.0 0.054000000000000006 0 0 -10 
0.1076 -3.5838 0.0 -3.1552 0.0718 0.9937 0.8 -0.1 0.3087 -0.8529 4.0864 -1.126 2.6755 0.4215 -2.2342 -2.7735 0.2064 0.0 0.0 
89.8845 1211.13 0.0998 0.0998 0.1 1.22204 0.0 0.054000000000000006 0 0 -10 
0.1076 -3.5838 0.0 -3.1552 0.0718 0.9937 0.8 -0.1 0.3087 -0.8529 4.0864 -1.126 2.6755 0.4215 -2.2342 -2.7735 0.2064 0.0 0.0 
89.8845 1888.47 0.0998 0.0998 0.1 1.22204 0.0 0.054000000000000006 0 0 -10 
0.1076 -3.5838 0.0 -3.1552 0.0718 0.9937 0.8 -0.1 0.3087 -0.8529 4.0864 -1.126 2.6755 0.4215 -2.2342 -2.7735 0.2064 0.0 0.0 
89.8845 2643.5 0.0998 0.0998 0.1 1.22204 0.0 0.054000000000000006 0 0 -10 
0.1076 -3.5838 0.0 -3.1552 0.0718 0.9937 0.8 -0.1 0.3087 -0.8529 4.0864 -1.126 2.6755 0.4215 -2.2342 -2.7735 0.2064 0.0 0.0 
89.8845 3420.59 0.0998 0.0998 0.1 1.22204 0.0 0.054000000000000006 0 0 -10 
0.1076 -3.5838 0.0 -3.1552 0.0718 0.9937 0.8 -0.1 0.3087 -0.8529 4.0864 -1.126 2.6755 0.4215 -2.2342 -2.7735 0.2064 0.0 0.0 
89.8845 4172.85 0.0998 0.0998 0.1 1.22204 0.0 0.054000000000000006 0 0 -10 
0.1076 -3.5838 0.0 -3.1552 0.0718 0.9937 0.8 -0.1 0.3087 -0.8529 4.0864 -1.126 2.6755 0.4215 -2.2342 -2.7735 0.2064 0.0 0.0 
89.8845 4866.55 0.0998 0.0998 0.1 1.22204 0.0 0.054000000000000006 0 0 -10 
0.1076 -3.5838 0.0 -3.1552 0.0718 0.9937 0.8 -0.1 0.3087 -0.8529 4.0864 -1.126 2.6755 0.4215 -2.2342 -2.7735 0.2064 0.0 0.0 
89.9064033144462 5481.53 0.0998 0.0998 0.1 1.22204 0.0 0.054000000000000006 0 0 -10 
0.1076 -3.5838 0.0 -3.1552 0.0718 0.9937 0.8 -0.1 0.3087 -0.8529 4.0864 -1.126 2.6755 0.4215 -2.2342 -2.7735 0.2064 0.0 0.0 
89.9720268154093 6009.25 0.0998 0.0998 0.1 1.22204 0.0 0.054000000000000006 0 0 -10 
0.1076 -3.5838 0.0 -3.1552 0.0718 0.9937 0.8 -0.1 0.3087 -0.8529 4.0864 -1.126 2.6755 0.4215 -2.2342 -2.7735 0.2064 0.0 0.0 
90.08111151691156 6449.82 0.0998 0.0998 0.1 1.22204 0.0 0.054000000000000006 0 0 -10 
0.1076 -3.5838 0.0 -3.1552 0.0718 0.9937 0.8 -0.1 0.3087 -0.8529 4.0864 -1.126 2.6755 0.4215 -2.2342 -2.7735 0.2064 0.0 0.0 
90.2332269114722 6809.12 0.0998 0.0998 0.1 1.22204 0.0 0.054000000000000006 0 0 -10 
0.1076 -3.5838 0.0 -3.1552 0.0718 0.9937 0.8 -0.1 0.3087 -0.8529 4.0864 -1.126 2.6755 0.4215 -2.2342 -2.7735 0.2064 0.0 0.0 
90.4277726691238 7096.29 0.0998 0.0998 0.1 1.22204 0.0 0.054000000000000006 0 0 -10 
0.1076 -3.5838 0.0 -3.1552 0.0718 0.9937 0.8 -0.1 0.3087 -0.8529 4.0864 -1.126 2.6755 0.4215 -2.2342 -2.7735 0.2064 0.0 0.0 
90.66398100664041 7321.8 0.0998 0.0998 0.1 1.22204 0.0 0.054000000000000006 0 0 -10 
0.1076 -3.5838 0.0 -3.1552 0.0718 0.9937 0.8 -0.1 0.3087 -0.8529 4.0864 -1.126 2.6755 0.4215 -2.2342 -2.7735 0.2064 0.0 0.0 
90.94091971762718 7496.17 0.0998 0.0998 0.1 1.22204 0.0 0.054000000000000006 0 0 -10 
0.1076 -3.5838 0.0 -3.1552 0.0718 0.9937 0.8 -0.1 0.3087 -0.8529 4.0864 -1.126 2.6755 0.4215 -2.2342 -2.7735 0.2064 0.0 0.0 
91.25749585151311 7629.15 0.0998 0.0998 0.1 1.22204 0.0 0.054000000000000006 0 0 -10 
0.1076 -3.5838 0.0 -3.1552 0.0718 0.9937 0.8 -0.1 0.3087 -0.8529 4.0864 -1.126 2.6755 0.4215 -2.2342 -2.7735 0.2064 0.0 0.0 
91.61246002692764 7729.34 0.0998 0.0998 0.1 1.22204 0.0 0.054000000000000006 0 0 -10 
0.1076 -3.5838 0.0 -3.1552 0.0718 0.9937 0.8 -0.1 0.3087 -0.8529 4.0864 -1.126 2.6755 0.4215 -2.2342 -2.7735 0.2064 0.0 0.0 
92.00441136243809 7804.0 0.0998 0.0998 0.1 1.22204 0.0 0.054000000000000006 0 0 -10 
0.1076 -3.5838 0.0 -3.1552 0.0718 0.9937 0.8 -0.1 0.3087 -0.8529 4.0864 -1.126 2.6755 0.4215 -2.2342 -2.7735 0.2064 0.0 0.0 
92.43180300518874 7859.07 0.0998 0.0998 0.1 1.22204 0.0 0.054000000000000006 0 0 -10 
0.1076 -3.5838 0.0 -3.1552 0.0718 0.9937 0.8 -0.1 0.3087 -0.8529 4.0864 -1.126 2.6755 0.4215 -2.2342 -2.7735 0.2064 0.0 0.0 
92.89294823562233 7899.35 0.0998 0.0998 0.1 1.22204 0.0 0.054000000000000006 0 0 -10 
0.1076 -3.5838 0.0 -3.1552 0.0718 0.9937 0.8 -0.1 0.3087 -0.8529030000000001 4.0864 -1.126 2.6755 0.421497 -2.2342 -2.7735 0.2064 1.00109e-07 3.87922e-07 
93.38602712419156 7928.55 0.0998 0.0998 0.1 1.22204 0.0 0.054000000000000006 0 0 -10 
0.10760399999999999 -3.58382 0.0 -3.1552700000000002 0.0718 0.9937 0.8 -0.1 0.308689 -0.8529690000000001 4.08641 -1.12604 2.67549 0.42142299999999994 -2.2342400000000002 -2.77351 0.2064 2.6957999999999997e-06 1.0446199999999998e-05 
93.90909371378955 7949.57 0.0998 0.0998 0.1 1.22204 0.0 0.054000000000000006 0 0 -10 
0.107627 -3.58396 0.0 -3.15565 0.0718 0.9937 0.8 -0.1 0.308629 -0.853342 4.086469999999999 -1.12626 2.67544 0.421005 -2.23447 -2.77356 0.2064 1.73306e-05 6.7156e-05 
94.46008369955355 7964.6 0.0998 0.0998 0.1 1.22204 0.0 0.054000000000000006 0 0 -10 
0.107695 -3.58437 0.0 -3.1568 0.0718 0.9937 0.8 -0.1 0.308448 -0.8544809999999999 4.08666 -1.1269200000000001 2.6753 0.419731 -2.23517 -2.77371 0.2064 6.19418e-05 0.000240025 
95.03682257573314 7975.27 0.0998 0.0998 0.1 1.22204 0.0 0.054000000000000006 0 0 -10 
0.107847 -3.5852800000000005 0.0 -3.15935 0.0718 0.9937 0.8 -0.1 0.30804699999999996 -0.8569950000000001 4.08707 -1.12837 2.67497 0.41691999999999996 -2.23672 -2.7740400000000003 0.2064 0.00016039 0.0006215109999999999 
95.63703421747097 7982.8 0.0998 0.0998 0.1 1.22204 0.0 0.054000000000000006 0 0 -10 
0.10812100000000001 -3.58693 0.0 -3.16397 0.0718 0.9937 0.8 -0.1 0.307321 -0.861548 4.08782 -1.13101 2.6743799999999998 0.41182799999999997 -2.23952 -2.77465 0.2064 0.000338706 0.00131249 
96.2582498636277 7988.09 0.0998 0.0998 0.1 1.22204 0.0 0.054000000000000006 0 0 -10 
0.10855699999999999 -3.58955 0.0 -3.1713 0.0718 0.9937 0.8 -0.1 0.30617 -0.868768 4.08901 -1.13519 2.67345 0.40375300000000003 -2.24396 -2.7756 0.2064 0.0006215169999999999 0.00240838 
96.89791746520008 7991.79 0.0998 0.0998 0.1 1.22204 0.0 0.054000000000000006 0 0 -10 
0.10918399999999999 -3.5933300000000004 0.0 -3.18186 0.0718 0.9937 0.8 -0.1 0.30451 -0.879179 4.09072 -1.1412200000000001 2.6721 0.39210900000000004 -2.2503599999999997 -2.77698 0.2064 0.00102929 0.0039885 
97.55331136243808 7994.36 0.0998 0.0998 0.1 1.22204 0.0 0.054000000000000006 0 0 -10 
0.110026 -3.59839 0.0 -3.19604 0.0718 0.9937 0.8 -0.1 0.30228299999999997 -0.8931530000000001 4.09301 -1.1493200000000001 2.6703 0.376481 -2.25895 -2.77883 0.2064 0.0015765999999999998 0.00610932 
98.2216422524701 7996.14 0.0998 0.0998 0.1 1.22204 0.0 0.054000000000000006 0 0 -10 
0.111096 -3.6048199999999997 0.0 -3.2140299999999997 0.0718 0.9937 0.8 -0.1 0.299455 -0.91089 4.09592 -1.1596 2.6680099999999998 0.356643 -2.26986 -2.78118 0.2064 0.00227133 0.0088014 
98.89976740809846 7997.37 0.0998 0.0998 0.1 1.22204 0.0 0.054000000000000006 0 0 -10 
0.11239400000000001 -3.6126300000000002 0.0 -3.2358700000000002 0.0718 0.9937 0.8 -0.1 0.296022 -0.9324209999999999 4.09946 -1.1720700000000002 2.66522 0.33256199999999997 -2.2831 -2.78404 0.2064 0.00311467 0.0120693 
99.58470110743622 7998.21 0.0998 0.0998 0.1 1.22204 0.0 0.054000000000000006 0 0 -10 
0.11391300000000001 -3.6217599999999996 0.0 -3.2614400000000003 0.0718 0.9937 0.8 -0.1 0.292005 -0.9576209999999999 4.1036 -1.1866700000000001 2.66197 0.30437800000000004 -2.2986 -2.7873799999999997 0.2064 0.00410166 0.0158939 
100.27332523322463 7998.79 0.0998 0.0998 0.1 1.22204 0.0 0.054000000000000006 0 0 -10 
0.11563699999999999 -3.63213 0.0 -3.29046 0.0718 0.9937 0.8 -0.1 0.28744400000000003 -0.9862270000000001 4.10829 -1.2032399999999999 2.65827 0.272384 -2.31619 -2.79117 0.2064 0.00522211 0.0202357 
100.9624 7999.18 0.0998 0.0998 0.1 1.22204 0.0 0.054000000000000006 0 0 -10 
0.11754500000000001 -3.6436 0.0 -3.3225599999999997 0.0718 0.9937 0.8 -0.1 0.28239899999999996 -1.01787 4.1134900000000005 -1.2215799999999999 2.6541799999999998 0.23698899999999998 -2.33565 -2.79536 0.2064 0.00646168 0.025039 
101.64887476677538 7999.45 0.0998 0.0998 0.1 1.22204 0.0 0.054000000000000006 0 0 -10 
0.119609 -3.65602 0.0 -3.35731 0.0718 0.9937 0.8 -0.1 0.276939 -1.0521200000000002 4.11912 -1.24142 2.64975 0.198686 -2.3567099999999996 -2.7999 0.2064 0.00780305 0.0302368 
102.32949889256378 7999.63 0.0998 0.0998 0.1 1.22204 0.0 0.054000000000000006 0 0 -10 
0.12180099999999999 -3.6692 0.0 -3.39419 0.0718 0.9937 0.8 -0.1 0.27114299999999997 -1.08848 4.12509 -1.2624799999999998 2.64506 0.158024 -2.37907 -2.80471 0.2064 0.00922705 0.0357548 
103.00143259190155 7999.75 0.0998 0.0998 0.1 1.22204 0.0 0.054000000000000006 0 0 -10 
0.124089 -3.68296 0.0 -3.43269 0.0718 0.9937 0.8 -0.1 0.265092 -1.1264299999999998 4.13132 -1.28447 2.64015 0.115575 -2.4024099999999997 -2.80974 0.2064 0.0107137 0.0415154 
103.66135774752989 7999.83 0.0998 0.0998 0.1 1.22204 0.0 0.054000000000000006 0 0 -10 
0.126442 -3.69711 0.0 -3.4723 0.0718 0.9937 0.8 -0.1 0.258868 -1.16547 4.13773 -1.3070899999999999 2.63511 0.07191 -2.4264200000000002 -2.81492 0.2064 0.0122428 0.0474409 
104.30668863756192 7999.89 0.0998 0.0998 0.1 1.22204 0.0 0.054000000000000006 0 0 -10 
0.128832 -3.7114800000000003 0.0 -3.51251 0.0718 0.9937 0.8 -0.1 0.25254899999999997 -1.2051100000000001 4.14424 -1.33005 2.6299799999999998 0.0275808 -2.45079 -2.82017 0.2064 0.0137953 0.0534566 
104.93428253479992 7999.93 0.0998 0.0998 0.1 1.22204 0.0 0.054000000000000006 0 0 -10 
0.13122899999999998 -3.72589 0.0 -3.55286 0.0718 0.9937 0.8 -0.1 0.246209 -1.24488 4.15077 -1.35309 2.6248400000000003 -0.0168967 -2.47525 -2.82544 0.2064 0.0153529 0.0594924 
105.54165013637231 7999.95 0.0998 0.0998 0.1 1.22204 0.0 0.054000000000000006 0 0 -10 
0.133609 -3.74021 0.0 -3.59291 0.0718 0.9937 0.8 -0.1 0.23991500000000002 -1.28436 4.15725 -1.3759700000000001 2.61974 -0.061053199999999995 -2.49953 -2.83067 0.2064 0.0168993 0.06548469999999999 
106.12606578252904 7999.97 0.0998 0.0998 0.1 1.22204 0.0 0.054000000000000006 0 0 -10 
0.13594900000000001 -3.7542800000000005 0.0 -3.6322900000000002 0.0718 0.9937 0.8 -0.1 0.233725 -1.32318 4.16363 -1.39846 2.61472 -0.104474 -2.5234 -2.83581 0.2064 0.018419900000000003 0.071377 
106.68517742426687 7999.98 0.0998 0.0998 0.1 1.22204 8.41525e-08 0.054000000000000006 0 0 -10 
0.138231 -3.7680000000000002 0.0 -3.67069 0.0718 0.9937 0.8 -0.1 0.227692 -1.36103 4.16984 -1.42039 2.60983 -0.146801 -2.54667 -2.84083 0.2064 0.019902200000000002 0.07712089999999999 
107.21651630044644 7999.99 0.0997985 0.09979860000000002 0.09999910000000001 1.22204 1.71714e-05 0.0539999 0 0 -10 
0.14043699999999998 -3.7812699999999997 0.0 -3.70782 0.0718 0.9937 0.8 -0.1 0.22185700000000003 -1.39763 4.17585 -1.44159 2.6051 -0.18773499999999999 -2.56918 -2.84567 0.2064 0.0213357 0.0826759 
107.71800628621045 7999.99 0.0997832 0.09978510000000002 0.09999060000000001 1.22204 0.00018742799999999998 0.05399930000000001 0 0 -10 
0.142555 -3.7939999999999996 0.0 -3.74347 0.0718 0.9937 0.8 -0.1 0.21625500000000003 -1.43277 4.18162 -1.46195 2.6005599999999998 -0.227035 -2.59079 -2.85033 0.2064 0.022712 0.0880092 
108.18747287580844 7999.99 0.09972289999999999 0.0997316 0.099957 1.22204 0.000860883 0.0539966 0 0 -10 
0.144575 -3.80615 0.0 -3.77746 0.0718 0.9937 0.8 -0.1 0.210912 -1.46628 4.187130000000001 -1.48136 2.59623 -0.264516 -2.6114 -2.8547700000000003 0.2064 0.024024599999999997 0.0930954 
108.62315176437767 8000.0 0.09956849999999999 0.0995948 0.09987080000000001 1.22204 0.0025832 0.053989699999999995 0 0 -10 
0.14649 -3.8176699999999997 0.0 -3.8096900000000002 0.0718 0.9937 0.8 -0.1 0.20584899999999998 -1.49804 4.19234 -1.49977 2.59213 -0.300039 -2.6309299999999998 -2.85898 0.2064 0.0252687 0.0979161 
109.02319699481127 8000.0 0.09926139999999999 0.09932239999999999 0.0996994 1.22204 0.0060113 0.053975999999999996 0 0 -10 
0.148294 -3.8285199999999997 0.0 -3.84005 0.0718 0.9937 0.8 -0.1 0.201077 -1.52797 4.19726 -1.51711 2.58826 -0.333517 -2.64934 -2.86295 0.2064 0.0264411 0.102459 
109.38598863756191 8000.0 0.0987414 0.0988613 0.0994092 1.22204 0.0118152 0.05395269999999999 0 0 -10 
0.14998599999999998 -3.83869 0.0 -3.8685199999999997 0.0718 0.9937 0.8 -0.1 0.196603 -1.55603 4.2018699999999995 -1.53336 2.5846299999999998 -0.364899 -2.6665900000000002 -2.86666 0.2064 0.0275401 0.10671800000000001 
109.71003997307237 8000.0 0.0979548 0.09816380000000001 0.0989703 1.22204 0.0205935 0.053917599999999996 0 0 -10 
0.151564 -3.84818 0.0 -3.8950699999999996 0.0718 0.9937 0.8 -0.1 0.192431 -1.5822100000000001 4.206169999999999 -1.54853 2.58125 -0.394171 -2.68269 -2.87013 0.2064 0.0285652 0.11069000000000001 
109.99420414848689 8000.0 0.0968599 0.097193 0.09835930000000001 1.22204 0.0328135 0.0538687 0 0 -10 
0.153029 -3.85699 0.0 -3.91972 0.0718 0.9937 0.8 -0.1 0.188556 -1.60651 4.21016 -1.56261 2.5781099999999997 -0.42135 -2.6976299999999998 -2.87335 0.2064 0.029517 0.114379 
110.23708028237283 8000.0 0.0954295 0.09592460000000001 0.09756110000000001 1.22204 0.0487777 0.053804899999999996 0 0 -10 
0.154383 -3.86513 0.0 -3.94251 0.0718 0.9937 0.8 -0.1 0.184975 -1.62897 4.21385 -1.57562 2.5752099999999998 -0.44647600000000004 -2.71145 -2.87633 0.2064 0.030397000000000004 0.11778800000000002 
110.43791899335959 8000.0 0.09365230000000001 0.09434880000000001 0.0965694 1.22204 0.0686123 0.0537256 0 0 -10 
0.15563 -3.8726300000000005 0.0 -3.9635 0.0718 0.9937 0.8 -0.1 0.181677 -1.64966 4.21724 -1.58761 2.57253 -0.46961099999999995 -2.72417 -2.87907 0.2064 0.0312072 0.120928 
110.5957273308762 8000.0 0.0915322 0.0924688 0.09538630000000001 1.22204 0.0922743 0.053630899999999995 0 0 -10 
0.156774 -3.87951 0.0 -3.98275 0.0718 0.9937 0.8 -0.1 0.178652 -1.6686299999999998 4.2203599999999994 -1.5986 2.57008 -0.490832 -2.73584 -2.88158 0.2064 0.0319503 0.12380799999999999 
110.7099730885278 8000.0 0.0890865 0.09030010000000001 0.09402150000000001 1.22204 0.119571 0.0535217 0 0 -10 
0.15781900000000001 -3.88579 0.0 -4.0003400000000005 0.0718 0.9937 0.8 -0.1 0.175887 -1.68597 4.22321 -1.60865 2.5678400000000003 -0.5102270000000001 -2.7465 -2.88388 0.2064 0.0326296 0.12644 
110.77988848308844 8000.0 0.08634349999999999 0.0878679 0.0924908 1.22204 0.15018399999999998 0.053399300000000004 0 0 -10 
0.158771 -3.89152 0.0 -4.016369999999999 0.0718 0.9937 0.8 -0.1 0.173369 -1.70177 4.2258 -1.6178 2.5658 -0.527895 -2.75622 -2.88597 0.2064 0.0332483 0.12883699999999998 
110.8053731845907 8000.0 0.0833401 0.08520470000000001 0.0908148 1.22204 0.183704 0.05326519999999999 0 0 -10 
0.159636 -3.8967199999999997 0.0 -4.03092 0.0718 0.9937 0.8 -0.1 0.17108199999999998 -1.7161099999999998 4.22816 -1.62611 2.56394 -0.543937 -2.76504 -2.88787 0.2064 0.0338101 0.13101400000000002 
110.7861966855538 8000.0 0.08011889999999999 0.08234839999999999 0.0890173 1.22204 0.21965500000000002 0.053121400000000006 0 0 -10 
0.160419 -3.9014300000000004 0.0 -4.04409 0.0718 0.9937 0.8 -0.1 0.169012 -1.7291 4.23029 -1.63363 2.5622700000000003 -0.558459 -2.7730200000000003 -2.88959 0.2064 0.034318699999999994 0.132985 
110.7222 8000.0 0.07672580000000001 0.0793397 0.0871238 1.22204 0.257524 0.05296990000000001 0 0 -10 
0.161125 -3.9056800000000003 0.0 -4.05598 0.0718 0.9937 0.8 -0.1 0.16714400000000001 -1.74082 4.23221 -1.64042 2.56075 -0.5715680000000001 -2.78023 -2.89115 0.2064 0.034777800000000005 0.13476400000000002 
105.90290484607496 8000.0 0.0732077 0.0762201 0.08516060000000002 1.22204 0.29678899999999997 0.05281280000000001 0 0 -10 
0.161761 -3.9095 0.0 -4.06668 0.0718 0.9937 0.8 -0.1 0.165461 -1.75137 4.23395 -1.6465299999999998 2.55939 -0.5833689999999999 -2.78672 -2.8925400000000003 0.2064 0.035191 0.13636500000000001 
102.09196151115552 8000.0 0.0696108 0.0730306 0.0831533 1.22204 0.336933 0.0526523 0 0 -10 
0.162332 -3.9129400000000003 0.0 -4.0763 0.0718 0.9937 0.8 -0.1 0.16395099999999999 -1.76085 4.2355 -1.65202 2.55816 -0.593966 -2.7925400000000002 -2.8938 0.2064 0.035562199999999995 0.137803 
99.07430754729243 8000.0 0.0659788 0.06981010000000001 0.08112660000000001 1.22204 0.377469 0.0524901 0 0 -10 
0.16284400000000002 -3.91601 0.0 -4.08491 0.0718001 0.993699 0.8 -0.1 0.162597 -1.7693299999999998 4.2369 -1.65694 2.55707 -0.603457 -2.79776 -2.89493 0.2064 0.035894499999999996 0.139093 
96.68102654224424 8000.0 0.0623524 0.0665945 0.0791029 1.22204 0.417943 0.05232819999999999 0 0 -10 
0.163299 -3.9188 0.0 -4.092569999999999 0.07180310000000001 0.99366 0.800012 -0.1 0.161375 -1.77693 4.238169999999999 -1.66125 2.55606 -0.611897 -2.8024 -2.89594 0.206387 0.0361904 0.140295 
94.77907486984584 8000.0 0.0587678 0.063416 0.07710260000000001 1.22204 0.45794799999999997 0.052168200000000005 0 0 -10 
0.163692 -3.9214800000000003 0.0 -4.09923 0.0718207 0.9934350000000001 0.800081 -0.1 0.160223 -1.78375 4.23945 -1.6647 2.55501 -0.619213 -2.8064299999999998 -2.8969 0.20631599999999997 0.0364482 0.14161600000000002 
93.26379185733774 8000.0 0.0552571 0.0603029 0.0751434 1.22204 0.49713100000000005 0.0520115 0 0 -10 
0.16401 -3.9243699999999997 0.0 -4.1047199999999995 0.0718753 0.9927360000000001 0.800296 -0.1 0.159031 -1.78995 4.24097 -1.66674 2.5537 -0.62517 -2.80972 -2.8978900000000003 0.206094 0.036662 0.14344400000000002 
92.05294923629172 8000.0 0.0518471 0.0572793 0.0732406 1.22204 0.535189 0.0518592 0 0 -10 
0.164233 -3.9278800000000005 0.0 -4.10877 0.0719978 0.9911690000000001 0.800779 -0.1 0.15766 -1.7957 4.24303 -1.6665900000000002 2.5518099999999997 -0.629414 -2.81209 -2.8990299999999998 0.20559699999999997 0.0368221 0.146307 
91.08179042210321 8000.0 0.0485603 0.054364800000000005 0.0714064 1.22204 0.571872 0.0517125 0 0 -10 
0.16433499999999998 -3.9325 0.0 -4.11107 0.0722223 0.988296 0.801662 -0.1 0.155951 -1.80119 4.24599 -1.6633799999999999 2.549 -0.6315350000000001 -2.81331 -2.90045 0.204684 0.0369175 0.15078699999999998 
90.29938466225501 8000.0 0.0454142 0.0515751 0.0696508 1.22204 0.606984 0.0515721 0 0 -10 
0.164295 -3.93866 0.0 -4.11129 0.07258160000000001 0.983698 0.803077 -0.1 0.153758 -1.8065799999999999 4.25016 -1.6562700000000001 2.54495 -0.631138 -2.81318 -2.90227 0.203224 0.036937199999999996 0.157445 
89.66557970823845 8000.0 0.0424223 0.0489222 0.0679812 1.22204 0.6403760000000001 0.0514385 0 0 -10 
0.16409300000000002 -3.94673 0.0 -4.10921 0.0731035 0.9770190000000001 0.805132 -0.1 0.150952 -1.81202 4.2558300000000004 -1.64457 2.53936 -0.627893 -2.81153 -2.9046 0.201104 0.0368726 0.166751 
89.14908278548567 8000.0 0.0395941 0.046414300000000006 0.066403 1.22204 0.671942 0.051312199999999995 0 0 -10 
0.163715 -3.95701 0.0 -4.10463 0.0738081 0.968002 0.807906 -0.1 0.14744000000000002 -1.8176299999999999 4.2632 -1.6277700000000002 2.53205 -0.621574 -2.80824 -2.90752 0.198241 0.036717400000000004 0.179051 
88.72483592359741 8000.0 0.0369374 0.0440582 0.0649221 1.22204 0.701619 0.051193300000000004 0 0 -10 
0.163156 -3.96965 0.0 -4.09748 0.0747066 0.9565030000000001 0.811443 -0.1 0.14316700000000002 -1.8235 4.27238 -1.60559 2.5228900000000003 -0.612073 -2.80324 -2.91107 0.19459 0.036468900000000005 0.194544 
88.37358026138382 8000.0 0.0344639 0.041863 0.06355119999999999 1.22204 0.729375 0.0510813 0 0 -10 
0.162415 -3.9847 0.0 -4.08778 0.0758018 0.9424879999999999 0.815755 -0.1 0.13811500000000002 -1.82968 4.28342 -1.578 2.51185 -0.599402 -2.79656 -2.91527 0.190141 0.036128 0.21327600000000002 
87.46334197722001 8000.0 0.0321913 0.039841900000000006 0.062312400000000004 1.22204 0.755212 0.05097480000000001 0 0 -10 
0.161501 -4.0021 0.0 -4.07564 0.0770877 0.926032 0.820818 -0.1 0.132302 -1.8361900000000002 4.29625 -1.5451700000000002 2.49899 -0.583687 -2.78825 -2.9201 0.184916 0.0356982 0.235159 
87.09096526790093 8000.0 0.030141200000000003 0.0380106 0.0612346 1.22204 0.779154 0.0508719 0 0 -10 
0.160424 -4.0217 0.0 -4.06122 0.07855169999999999 0.9072969999999999 0.8265809999999999 -0.1 0.125777 -1.8430099999999998 4.31076 -1.50745 2.48442 -0.5651470000000001 -2.7784299999999997 -2.92552 0.17896800000000002 0.035186300000000004 0.259983 
86.73388210491692 8000.0 0.0283365 0.0363856 0.060348900000000004 1.22204 0.801247 0.050770300000000004 0 0 -10 
0.15920299999999998 -4.04327 0.0 -4.04476 0.0801752 0.8865200000000001 0.832973 -0.1 0.11861300000000001 -1.8501299999999998 4.32679 -1.46536 2.4683200000000003 -0.544077 -2.76726 -2.93147 0.172371 0.0346007 0.287445 
86.38219671683636 8000.0 0.026797199999999997 0.0349812 0.0596847 1.22204 0.8215549999999999 0.050668 0 0 -10 
0.157858 -4.06653 0.0 -4.02656 0.081936 0.8639879999999999 0.8399049999999999 -0.1 0.1109 -1.85749 4.3441 -1.41951 2.4509 -0.520828 -2.75493 -2.93788 0.165218 0.0339517 0.317173 
86.02719921298342 8000.0 0.025538400000000003 0.0338075 0.059265599999999995 1.22204 0.840152 0.050563 0 0 -10 
0.15641 -4.09117 0.0 -4.0069099999999995 0.0838087 0.8400219999999999 0.8472780000000001 -0.1 0.102743 -1.8650400000000003 4.36247 -1.37057 2.43242 -0.495784 -2.7416400000000003 -2.94465 0.157609 0.0332503 0.348748 
85.66185894126163 8000.0 0.0245685 0.032869699999999995 0.0591071 1.22204 0.857123 0.0504537 0 0 -10 
0.154882 -4.11686 0.0 -3.98613 0.085767 0.8149609999999999 0.854988 -0.1 0.0942478 -1.8727 4.38165 -1.3192700000000002 2.41312 -0.469342 -2.7276 -2.95171 0.149652 0.0325081 0.381732 
85.27959887300341 8000.0 0.023888299999999998 0.032167400000000006 0.05921619999999999 1.22204 0.87256 0.0503391 0 0 -10 
0.15329700000000002 -4.14325 0.0 -3.96455 0.0877844 0.789144 0.862931 -0.1 0.0855253 -1.88042 4.40137 -1.2663200000000001 2.3932599999999997 -0.441902 -2.71303 -2.95896 0.141455 0.0317363 0.415685 
84.8748357342932 8000.0 0.023491400000000003 0.0316945 0.05959069999999999 1.22204 0.886558 0.0502187 0 0 -10 
0.151677 -4.170030000000001 0.0 -3.94246 0.0898352 0.762899 0.8710049999999999 -0.1 0.0766814 -1.88812 4.4214 -1.21241 2.3730900000000004 -0.41384499999999996 -2.69813 -2.96631 0.133123 0.0309462 0.45017799999999997 
84.44287362290478 8000.0 0.023364799999999998 0.0314401 0.0602202 1.22204 0.899214 0.0500923 0 0 -10 
0.150042 -4.19689 0.0 -3.92015 0.09189539999999999 0.736534 0.879116 -0.1 0.0678156 -1.8957400000000002 4.4415 -1.15818 2.35284 -0.385531 -2.68309 -2.9736700000000003 0.124752 0.030147900000000005 0.484811 
83.97914111970724 8000.0 0.023489799999999998 0.031389 0.0610874 1.22204 0.910624 0.0499604 0 0 -10 
0.148412 -4.22356 0.0 -3.8978800000000002 0.093943 0.710331 0.887177 -0.1 0.059019100000000005 -1.9032099999999998 4.46146 -1.1042299999999998 2.3327299999999997 -0.35728499999999996 -2.66808 -2.9809799999999997 0.116433 0.0293508 0.519217 
83.4801635803991 8000.0 0.023843400000000004 0.031523 0.062169600000000005 1.22204 0.920884 0.049823599999999996 0 0 -10 
0.146803 -4.24977 0.0 -3.87589 0.0959585 0.684538 0.8951120000000001 -0.1 0.0503726 -1.9105 4.48109 -1.0510899999999999 2.31294 -0.329398 -2.65326 -2.9881599999999997 0.108244 0.0285632 0.553072 
82.94276350632059 8000.0 0.024399900000000002 0.0318216 0.0634401 1.22204 0.9300860000000001 0.049683 0 0 -10 
0.14523 -4.27533 0.0 -3.85437 0.0979249 0.659373 0.902854 -0.1 0.0419459 -1.91755 4.50024 -0.999195 2.2936400000000003 -0.302119 -2.63877 -2.99516 0.100255 0.027792400000000002 0.586096 
82.36448274856085 8000.0 0.0251314 0.032262900000000004 0.0648697 1.22204 0.938321 0.049539599999999996 0 0 -10 
0.143706 -4.30005 0.0 -3.8334900000000003 0.099828 0.635016 0.9103459999999999 -0.1 0.0338005 -1.92432 4.51877 -0.94894 2.27497 -0.27566 -2.62471 -3.0019299999999998 0.0925217 0.027044299999999997 0.618052 
81.74352088750145 8000.0 0.026009699999999997 0.03282480000000001 0.0664281 1.22204 0.945673 0.0493946 0 0 -10 
0.142265 -4.3238 0.0 -3.81336 0.101651 0.611631 0.9175209999999999 -0.1 0.026026799999999996 -1.93075 4.53656 -0.900634 2.2570900000000003 -0.250184 -2.6111299999999997 -3.0083900000000003 0.0851007 0.0263235 0.64875 
81.07878452712505 8000.0 0.0270067 0.0334853 0.0680853 1.22204 0.9522219999999999 0.0492493 0 0 -10 
0.141001 -4.3465300000000004 0.0 -3.7940400000000003 0.10336500000000001 0.589389 0.924269 -0.1 0.0188101 -1.9367599999999998 4.55353 -0.8545229999999999 2.24022 -0.22579699999999997 -2.5979799999999997 -3.01438 0.0780568 0.025631900000000003 0.6780430000000001 
80.36974251619507 8000.0 0.0280954 0.034223500000000004 0.06981219999999999 1.22204 0.958044 0.049105 0 0 -10 
0.140072 -4.3682300000000005 0.0 -3.7755 0.10493 0.568477 0.930426 -0.1 0.0124457 -1.9421599999999999 4.5696 -0.8107989999999999 2.2246900000000003 -0.202551 -2.58509 -3.01967 0.0714689 0.0249693 0.70582 
79.61708231430171 8000.0 0.0292507 0.0350196 0.07158160000000001 1.22204 0.963209 0.048962599999999995 0 0 -10 
0.139685 -4.38898 0.0 -3.75765 0.106297 0.549087 0.935795 -0.1 0.00730415 -1.94675 4.58473 -0.7696 2.2109 -0.180448 -2.57219 -3.02394 0.0654236 0.024333599999999997 0.732011 
78.82206290941912 8000.0 0.0304493 0.0358555 0.0733686 1.22204 0.967783 0.0488234 0 0 -10 
0.14006 -4.40888 0.0 -3.74036 0.10741400000000001 0.5313979999999999 0.9401729999999999 -0.1 0.00377827 -1.95032 4.59889 -0.731015 2.19925 -0.159459 -2.55898 -3.02687 0.060005600000000006 0.023721400000000004 0.7565729999999999 
77.97652168860121 8000.0 0.03167059999999999 0.036715 0.0751508 1.22204 0.971826 0.048688199999999994 0 0 -10 
0.141405 -4.42804 0.0 -3.7235099999999997 0.10823499999999998 0.51556 0.943371 -0.1 0.0022315 -1.9526599999999998 4.61204 -0.695087 2.1901 -0.139534 -2.54514 -3.0281599999999997 0.0552885 0.023129 0.7794939999999999 
77.10676432080623 8000.0 0.0328962 0.0375837 0.07690889999999999 1.22204 0.9753930000000001 0.0485577 0 0 -10 
0.14389000000000002 -4.4465699999999995 0.0 -3.7069699999999997 0.108722 0.50168 0.945241 -0.1 0.00295924 -1.9536200000000001 4.6242 -0.661816 2.18375 -0.12061400000000001 -2.53044 -3.02755 0.051328099999999995 0.022552799999999998 0.8007850000000001 
76.20427154566585 8000.0 0.0341106 0.0384494 0.07862630000000001 1.22204 0.9785360000000001 0.0484327 0 0 -10 
0.147635 -4.46456 0.0 -3.69064 0.10885 0.489816 0.945681 -0.1 0.00616457 -1.95308 4.63537 -0.63117 2.18038 -0.10263800000000001 -2.5146599999999997 -3.02488 0.0481582 0.0219897 0.820475 
75.27560188195629 8000.0 0.0353005 0.0393017 0.0802895 1.22204 0.9813 0.0483135 0 0 -10 
0.152701 -4.4821 0.0 -3.67444 0.108607 0.479976 0.9446459999999999 -0.1 0.0119479 -1.95101 4.64559 -0.603082 2.18008 -0.08554969999999999 -2.4977099999999997 -3.02008 0.045789699999999996 0.021437400000000002 0.8386120000000001 
74.32843507536693 8000.0 0.0364551 0.040131900000000005 0.0818876 1.22204 0.983727 0.04820069999999999 0 0 -10 
0.15909500000000001 -4.499230000000001 0.0 -3.65834 0.10799600000000001 0.472121 0.942141 -0.1 0.020308 -1.9473900000000002 4.65487 -0.577462 2.18283 -0.06930030000000001 -2.47954 -3.01313 0.044211099999999996 0.0208944 0.8552540000000001 
73.37242979009537 8000.0 0.0375659 0.040933199999999996 0.0834121 1.22204 0.9858549999999999 0.048094300000000006 0 0 -10 
0.166769 -4.51598 0.0 -3.64232 0.107029 0.46617 0.9382219999999999 -0.1 0.0311508 -1.94229 4.66326 -0.5542 2.1885 -0.0538487 -2.4601900000000003 -3.00412 0.043390899999999996 0.0203601 0.8704700000000001 
72.41815542306284 8000.0 0.0386263 0.0417004 0.084857 1.22204 0.987718 0.0479946 0 0 -10 
0.17563299999999998 -4.53236 0.0 -3.6263900000000002 0.10573199999999999 0.46200699999999995 0.9329850000000001 -0.1 0.044303800000000004 -1.93582 4.67082 -0.53317 2.19692 -0.039161800000000004 -2.4397599999999997 -2.9931900000000002 0.0432812 0.019834599999999997 0.8843340000000001 
71.47729791588041 8000.0 0.03963169999999999 0.042429400000000006 0.0862184 1.22204 0.989347 0.0479015 0 0 -10 
0.185559 -4.54835 0.0 -3.61059 0.10413499999999999 0.459488 0.9265559999999999 -0.1 0.0595328 -1.9281 4.67759 -0.5142359999999999 2.20781 -0.0252139 -2.4184 -2.98053 0.0438211 0.0193185 0.896927 
70.56254034476969 8000.0 0.0405789 0.0431176 0.0874939 1.22204 0.990769 0.047814999999999996 0 0 -10 
0.196398 -4.5639400000000006 0.0 -3.5949800000000005 0.10227699999999999 0.458452 0.9190870000000001 -0.1 0.07655980000000001 -1.9193099999999998 4.68363 -0.49725600000000003 2.2208799999999997 -0.0119846 -2.39628 -2.96638 0.044940499999999994 0.018813 0.90833 
69.68662001405018 8000.0 0.041466 0.0437634 0.0886829 1.22204 0.9920100000000001 0.047735 0 0 -10 
0.20798200000000003 -4.57908 0.0 -3.5796 0.100198 0.458726 0.91074 -0.1 0.09507919999999999 -1.9096099999999998 4.689 -0.48208599999999996 2.2358 0.0005421790000000001 -2.3736200000000003 -2.95099 0.0465641 0.018319400000000003 0.918626 
68.86286472502746 8000.0 0.042292699999999996 0.0443661 0.08978610000000001 1.22204 0.993091 0.047661199999999994 0 0 -10 
0.22013899999999997 -4.59374 0.0 -3.5645300000000004 0.0979421 0.460135 0.9016879999999999 -0.1 0.114774 -1.8991900000000002 4.69374 -0.46858 2.25222 0.01238 -2.3506400000000003 -2.9346200000000002 0.048614199999999996 0.017839400000000002 0.927898 
68.10401179666222 8000.0 0.0430592 0.04492569999999999 0.0908051 1.22204 0.994031 0.0475935 0 0 -10 
0.23269499999999999 -4.60789 0.0 -3.54984 0.0955509 0.462502 0.892099 -0.1 0.135327 -1.8882299999999999 4.69792 -0.456596 2.2698 0.0235411 -2.32754 -2.9175400000000002 0.0510136 0.0173744 0.936225 
67.42261423394609 8000.0 0.0437667 0.0454429 0.09174260000000001 1.22204 0.994848 0.0475315 0 0 -10 
0.245484 -4.62148 0.0 -3.53559 0.0930655 0.465659 0.882136 -0.1 0.156434 -1.8769099999999999 4.70159 -0.445999 2.28822 0.0340379 -2.30455 -2.9 0.053687900000000004 0.0169261 0.943686 
66.83063913259916 8000.0 0.044417 0.045918900000000006 0.0926017 1.22204 0.995557 0.047475 0 0 -10 
0.25835 -4.63448 0.0 -3.5218300000000005 0.0905243 0.46944600000000003 0.8719530000000001 -0.1 0.177809 -1.86539 4.7048 -0.436655 2.30717 0.0438834 -2.28185 -2.8822400000000004 0.056567200000000005 0.0164959 0.950355 
66.33876393653506 8000.0 0.0450125 0.046355099999999996 0.0933862 1.22204 0.9961709999999999 0.047423599999999996 0 0 -10 
0.27115 -4.64687 0.0 -3.5086199999999996 0.0879624 0.47371599999999997 0.86169 -0.1 0.199192 -1.85382 4.7076 -0.42844099999999996 2.3263700000000003 0.053092099999999996 -2.25962 -2.8644700000000003 0.0595871 0.0160848 0.956303 
65.95687649563999 8000.0 0.0455557 0.0467534 0.0941001 1.22204 0.996704 0.0473771 0 0 -10 
0.28375900000000004 -4.6586099999999995 0.0 -3.49601 0.0854111 0.478335 0.8514719999999999 -0.1 0.22035300000000002 -1.84234 4.71002 -0.421241 2.34556 0.061680200000000004 -2.23802 -2.84688 0.0626898 0.0156939 0.9615969999999999 
65.69328498209015 8000.0 0.046049599999999996 0.0471158 0.0947477 1.22204 0.997165 0.047335 0 0 -10 
0.296069 -4.66971 0.0 -3.4840199999999997 0.0828975 0.48318599999999995 0.841406 -0.1 0.24109 -1.83105 4.71213 -0.414946 2.36453 0.06966610000000001 -2.21717 -2.82965 0.0658242 0.0153238 0.966298 
65.55484359982606 8000.0 0.0464971 0.0474445 0.09533330000000001 1.22204 0.9975629999999999 0.0472971 0 0 -10 
0.307989 -4.68015 0.0 -3.47267 0.0804447 0.48816400000000004 0.831586 -0.1 0.261235 -1.82007 4.71394 -0.409457 2.3831 0.0770701 -2.19718 -2.81291 0.0689462 0.014975 0.9704659999999999 
65.5467996610368 8000.0 0.0469015 0.0477416 0.0958615 1.22204 0.997907 0.047263 0 0 -10 
0.319446 -4.68992 0.0 -3.46199 0.0780717 0.49318199999999995 0.8220860000000001 -0.1 0.280652 -1.8094599999999998 4.7155 -0.404683 2.4011 0.0839143 -2.17814 -2.79677 0.0720187 0.0146476 0.9741540000000001 
65.6727670142305 8000.0 0.0472659 0.048009500000000004 0.09633660000000001 1.22204 0.9982030000000001 0.0472324 0 0 -10 
0.330382 -4.69905 0.0 -3.4519800000000003 0.0757937 0.498163 0.812968 -0.1 0.29923 -1.79929 4.71684 -0.400541 2.4184099999999997 0.0902227 -2.1600900000000003 -2.78133 0.07501100000000001 0.0143416 0.97741 
65.93443001074829 8000.0 0.047593199999999995 0.0482504 0.0967627 1.22204 0.998459 0.047205000000000004 0 0 -10 
0.340756 -4.70753 0.0 -3.4426400000000004 0.0736223 0.5030479999999999 0.804277 -0.1 0.31689 -1.78961 4.717980000000001 -0.396954 2.43494 0.0960203 -2.14309 -2.76666 0.07789860000000001 0.014056799999999998 0.980282 
66.3315812211119 8000.0 0.0478866 0.048466300000000004 0.0971441 1.22204 0.9986799999999999 0.047180599999999996 0 0 -10 
0.350538 -4.715380000000001 0.0 -3.43395 0.0715657 0.507786 0.796046 -0.1 0.333574 -1.78045 4.71895 -0.393856 2.4506200000000002 0.10133400000000001 -2.12715 -2.75279 0.0806624 0.013792600000000002 0.9828100000000001 
66.86239499928378 8000.0 0.0481489 0.0486595 0.0974846 1.22204 0.998869 0.0471588 0 0 -10 
0.359714 -4.72262 0.0 -3.42591 0.0696293 0.512339 0.7882979999999999 -0.1 0.349249 -1.77184 4.71978 -0.39118600000000003 2.46541 0.10619 -2.11227 -2.73977 0.0832885 0.0135486 0.985031 
67.52323778888572 8000.0 0.048382800000000004 0.048831900000000004 0.0977879 1.22204 0.9990319999999999 0.0471395 0 0 -10 
0.368278 -4.72928 0.0 -3.4184900000000003 0.0678162 0.516679 0.781042 -0.1 0.363898 -1.76378 4.72048 -0.388889 2.47927 0.110616 -2.0984599999999998 -2.72759 0.0857674 0.0133239 0.986981 
68.30871482257628 8000.0 0.0485911 0.048985400000000005 0.09805760000000001 1.22204 0.999172 0.0471223 0 0 -10 
0.376233 -4.73539 0.0 -3.4116699999999995 0.06612689999999999 0.520786 0.7742829999999999 -0.1 0.37752399999999997 -1.7562799999999998 4.72107 -0.386917 2.4921900000000003 0.114639 -2.08567 -2.71627 0.0880933 0.013117700000000001 0.9886889999999999 
69.21195163809452 8000.0 0.048776 0.0491218 0.0982968 1.22204 0.999293 0.0471071 0 0 -10 
0.38359 -4.74097 0.0 -3.40542 0.0645603 0.5246460000000001 0.768015 -0.1 0.39014099999999996 -1.7493299999999998 4.72157 -0.385227 2.5041900000000004 0.118288 -2.07389 -2.70578 0.09026360000000001 0.012929099999999999 0.990183 
70.22470767510036 8000.0 0.0489399 0.04924269999999999 0.0985087 1.22204 0.999396 0.047093699999999995 0 0 -10 
0.390367 -4.74605 0.0 -3.39971 0.063114 0.528253 0.762228 -0.1 0.401773 -1.74292 4.72199 -0.383782 2.51527 0.12158800000000002 -2.06308 -2.69612 0.0922786 0.0127572 0.991489 
71.33751817542853 8000.0 0.049085000000000004 0.049349699999999996 0.09869589999999999 1.22204 0.999484 0.0470819 0 0 -10 
0.396584 -4.7506699999999995 0.0 -3.3945199999999995 0.061784000000000006 0.531606 0.756907 -0.1 0.41245699999999996 -1.7370299999999999 4.72234 -0.382549 2.52547 0.12456500000000001 -2.0531900000000003 -2.68724 0.0941408 0.0126009 0.9926290000000001 
72.53975972907898 8000.0 0.0492128 0.049444 0.09886080000000001 1.22204 0.99956 0.0470714 0 0 -10 
0.402269 -4.75485 0.0 -3.3898 0.06056569999999999 0.5347069999999999 0.752033 -0.1 0.42223299999999997 -1.73163 4.7226300000000005 -0.381498 2.53482 0.127246 -2.04418 -2.6791099999999997 0.09585419999999999 0.012459200000000002 0.9936229999999999 
73.82013412414939 8000.0 0.0493218 0.0495245 0.09900139999999999 1.22204 0.999625 0.0470625 0 0 -10 
0.407449 -4.75863 0.0 -3.38553 0.059453599999999995 0.537561 0.747585 -0.1 0.43114600000000003 -1.7267099999999997 4.7228699999999995 -0.380604 2.54336 0.129654 -2.03598 -2.67171 0.0974245 0.012331 0.9944879999999999 
75.16686469585316 8000.0 0.0494029 0.049584300000000005 0.0991066 1.22204 0.9996799999999999 0.0470558 0 0 -10 
0.412153 -4.76203 0.0 -3.3816800000000002 0.058441999999999994 0.5401779999999999 0.743538 -0.1 0.43924799999999997 -1.7222400000000002 4.72307 -0.379845 2.55113 0.131813 -2.0285599999999997 -2.6649700000000003 0.0988582 0.0122155 0.99524 
76.56749914148918 8000.0 0.0494386 0.0496103 0.0991543 1.22204 0.9997280000000001 0.047052699999999996 0 0 -10 
0.41641300000000003 -4.7651 -5.422970000000001e-10 -3.3782099999999997 0.0575247 0.542568 0.7398680000000001 -0.1 0.446588 -1.7181799999999998 4.7232400000000005 -0.379201 2.55819 0.133743 -2.02185 -2.6588700000000003 0.100163 0.0121116 0.995893 
78.00981277690016 8000.0 0.0494055 0.0495851 0.09911519999999999 1.22204 0.999768 0.0470547 0 0 -10 
0.420258 -4.7678400000000005 -6.95047e-07 -3.3751 0.0566945 0.544746 0.736553 -0.1 0.453226 -1.71452 4.72337 -0.378663 2.5645700000000002 0.135468 -2.0158 -2.6533599999999997 0.101346 0.0120199 0.996453 
79.48140644644198 8000.0 0.0492779 0.0494895 0.0989575 1.22204 0.9998030000000001 0.0470639 0 0 -10 
0.423712 -4.77027 -1.0386400000000001e-05 -3.37241 0.0559352 0.546758 0.73359 -0.1 0.45929899999999996 -1.71123 4.72347 -0.378296 2.57035 0.137014 -2.01035 -2.64832 0.10241700000000001 0.0119578 0.9968540000000001 
80.97019374324182 8000.0 0.04903180000000001 0.049305699999999994 0.098651 1.22204 0.9998319999999999 0.047082099999999995 0 0 -10 
0.42678 -4.77236 -5.5714499999999997e-05 -3.3704 0.0552085 0.548728 0.731033 -0.1 0.46513000000000004 -1.70835 4.7235 -0.378346 2.57566 0.138433 -2.00537 -2.6435299999999997 0.10339000000000001 0.0119833 0.996858 
82.46487282104545 8000.0 0.0486475 0.0490188 0.09817100000000001 1.22204 0.999858 0.0471107 0 0 -10 
0.42945 -4.774030000000001 -0.000184161 -3.36956 0.054451400000000004 0.550866 0.728993 -0.1 0.47125200000000006 -1.70593 4.7234 -0.379259 2.5807 0.139797 -2.00074 -2.63859 0.104281 0.012200299999999999 0.996034 
83.95437884766461 8000.0 0.0481113 0.048618800000000004 0.09750039999999999 1.22204 0.9998790000000001 0.04715080000000001 0 0 -10 
0.431691 -4.77514 -0.000457781 -3.3705199999999995 0.0535837 0.553442 0.727629 -0.1 0.47834499999999996 -1.70407 4.72308 -0.381626 2.58569 0.14119500000000001 -1.99625 -2.63301 0.10511 0.012745000000000001 0.993813 
85.42871402248832 8000.0 0.0474164 0.0481004 0.0966307 1.22204 0.9998969999999999 0.0472029 0 0 -10 
0.433471 -4.775580000000001 -0.000943668 -3.3739999999999997 0.0525192 0.5567449999999999 0.727111 -0.1 0.487141 -1.70287 4.7224699999999995 -0.386087 2.5908900000000004 0.142719 -1.99173 -2.62625 0.105898 0.013764799999999999 0.9895780000000001 
86.87855301374081 8000.0 0.046562599999999996 0.047463599999999995 0.0955617 1.22204 0.9999129999999999 0.0472669 0 0 -10 
0.43475600000000003 -4.77522 -0.00170487 -3.38064 0.0511769 0.56105 0.7276020000000001 -0.1 0.498325 -1.7024299999999999 4.7214599999999995 -0.393244 2.59653 0.144459 -1.9869900000000003 -2.61783 0.10666400000000001 0.0153981 0.98275 
88.29582262202686 8000.0 0.045556099999999995 0.046713 0.0943013 1.22204 0.999926 0.04734240000000001 0 0 -10 
0.435522 -4.77395 -0.00279342 -3.3909800000000003 0.0494895 0.566584 0.729233 -0.1 0.512467 -1.70282 4.72 -0.403594 2.6028 0.14648599999999998 -1.9818799999999999 -2.60732 0.107424 0.0177593 0.972852 
89.67315540412623 8000.0 0.0444084 0.0458571 0.09286380000000001 1.22204 0.9999370000000001 0.0474286 0 0 -10 
0.435758 -4.771719999999999 -0.004246 -3.40541 0.0474083 0.573509 0.7320909999999999 -0.1 0.52998 -1.7041 4.71804 -0.41748500000000005 2.60986 0.148856 -1.9763 -2.59443 0.10819200000000001 0.0209287 0.959548 
91.00471785793364 8000.0 0.043135 0.044907499999999996 0.0912687 1.22204 0.9999469999999999 0.047524300000000005 0 0 -10 
0.43546599999999996 -4.76849 -0.00608194 -3.42412 0.044905900000000006 0.581917 0.736215 -0.1 0.551094 -1.70628 4.71554 -0.435101 2.6177900000000003 0.15160099999999999 -1.97015 -2.57898 0.10897799999999999 0.024948500000000002 0.9426610000000001 
92.28521454444865 8000.0 0.0417545 0.043878 0.0895392 1.22204 0.9999549999999999 0.047628 0 0 -10 
0.43466400000000005 -4.76427 -0.00830333 -3.4471 0.0419757 0.591825 0.741595 -0.1 0.575864 -1.70935 4.71252 -0.456458 2.62664 0.15473199999999998 -1.9634200000000002 -2.56094 0.109787 0.029822700000000004 0.922177 
93.51087018113901 8000.0 0.040287199999999995 0.0427839 0.08770080000000001 1.22204 0.9999620000000001 0.047738199999999995 0 0 -10 
0.43338000000000004 -4.75911 -0.0108964 -3.47421 0.0386307 0.6031880000000001 0.7481770000000001 -0.1 0.604178 -1.71327 4.70898 -0.48141999999999996 2.63639 0.15824000000000002 -1.9561 -2.5403700000000002 0.110622 0.0355207 0.898224 
94.67869226563806 8000.0 0.038754199999999996 0.0416408 0.0857801 1.22204 0.9999680000000001 0.0478534 0 0 -10 
0.431655 -4.753080000000001 -0.013834 -3.5051300000000003 0.034900099999999996 0.6159 0.7558699999999999 -0.1 0.635786 -1.71797 4.70496 -0.5097229999999999 2.64698 0.162102 -1.94823 -2.51746 0.111483 0.041982099999999994 0.871059 
95.78611717009021 8000.0 0.0371765 0.0404644 0.0838034 1.22204 0.999973 0.047972 0 0 -10 
0.429537 -4.7462599999999995 -0.0170785 -3.53945 0.030826099999999995 0.629813 0.76455 -0.1 0.670326 -1.7233599999999998 4.7005300000000005 -0.540999 2.6583200000000002 0.166278 -1.93987 -2.49247 0.11236700000000001 0.0491233 0.841032 
96.83294288249668 8000.0 0.0355743 0.0392697 0.08179589999999999 1.22204 0.999977 0.0480924 0 0 -10 
0.42708 -4.73879 -0.020584400000000003 -3.57666 0.026460300000000003 0.644748 0.774077 -0.1 0.707359 -1.72934 4.69573 -0.57481 2.67029 0.17072 -1.9310900000000002 -2.4657 0.11326900000000001 0.056844000000000006 0.808567 
97.81845166695973 8000.0 0.033966500000000004 0.0380709 0.0797814 1.22204 0.99998 0.0482133 0 0 -10 
0.42433999999999994 -4.73077 -0.0243019 -3.6162300000000003 0.0218603 0.660505 0.784295 -0.1 0.746395 -1.7358200000000001 4.69065 -0.610672 2.68276 0.175375 -1.92199 -2.43751 0.11418199999999999 0.0650337 0.774129 
98.74352588053078 8000.0 0.0323703 0.036880699999999995 0.0777813 1.22204 0.999984 0.0483332 0 0 -10 
0.42137600000000003 -4.72234 -0.0281789 -3.6575800000000003 0.0170862 0.676874 0.795045 -0.1 0.78692 -1.74268 4.68534 -0.64808 2.69558 0.18018599999999999 -1.91267 -2.40827 0.115101 0.0735772 0.7382029999999999 
99.60856003595879 8000.0 0.030800599999999997 0.0357103 0.07581439999999999 1.22204 0.999986 0.04845119999999999 0 0 -10 
0.41824399999999995 -4.71361 -0.0321633 -3.70014 0.0121985 0.693645 0.806168 -0.1 0.82842 -1.7498 4.67989 -0.6865319999999999 2.7086099999999997 0.185095 -1.9032200000000001 -2.37833 0.11601800000000001 0.0823596 0.701271 
100.41537195600462 8000.0 0.029270599999999997 0.0345694 0.0738972 1.22204 0.9999879999999999 0.0485662 0 0 -10 
0.414998 -4.7047099999999995 -0.0362053 -3.74336 0.00725524 0.7106180000000001 0.817511 -0.1 0.8704 -1.7571 4.67435 -0.725543 2.72172 0.190047 -1.89375 -2.34807 0.116927 0.0912703 0.663799 
101.16611554726285 8000.0 0.027791000000000003 0.033466199999999995 0.0720432 1.22204 0.9999899999999999 0.0486775 0 0 -10 
0.41168699999999997 -4.69575 -0.040257999999999995 -3.78675 0.00231099 0.727601 0.828933 -0.1 0.9123950000000001 -1.76447 4.66881 -0.764662 2.73477 0.19498900000000002 -1.8843299999999998 -2.3178 0.11782000000000001 0.10020599999999999 0.6262220000000001 
101.86219735157404 8000.0 0.026370599999999998 0.032407099999999994 0.0702633 1.22204 0.999992 0.0487843 0 0 -10 
0.408357 -4.6868300000000005 -0.0442791 -3.8298300000000003 -0.00258482 0.744426 0.840305 -0.1 0.953983 -1.77183 4.6633 -0.803478 2.74764 0.199874 -1.87506 -2.28784 0.118692 0.109073 0.5889340000000001 
102.50719863271 8000.0 0.025016099999999996 0.0313972 0.0685661 1.22204 0.999993 0.0488861 0 0 -10 
0.405048 -4.67804 -0.048231 -3.8722 -0.00738845 0.760938 0.851514 -0.1 0.994793 -1.7791 4.65789 -0.8416290000000001 2.76022 0.20466099999999998 -1.8659999999999999 -2.2584400000000002 0.11953699999999999 0.11778800000000002 0.552283 
103.10380434528204 8000.0 0.0237325 0.0304401 0.0669577 1.22204 0.999994 0.048982599999999994 0 0 -10 
0.401794 -4.66945 -0.052081600000000006 -3.91351 -0.0120624 0.7770100000000001 0.862461 -0.1 1.0345 -1.7862 4.65262 -0.8788040000000001 2.77244 0.209312 -1.85723 -2.2298400000000003 0.120351 0.126281 0.51657 
103.6547399297538 8000.0 0.022522999999999998 0.029538299999999997 0.06544209999999999 1.22204 0.9999950000000001 0.0490735 0 0 -10 
0.398624 -4.6611400000000005 -0.0558038 -3.9534599999999998 -0.016575299999999998 0.792531 0.873064 -0.1 1.07285 -1.7931 4.64752 -0.91474 2.7842 0.213799 -1.8487799999999999 -2.20223 0.12113 0.134491 0.482045 
104.16271649724094 8000.0 0.0213894 0.028693 0.0640216 1.22204 0.9999959999999999 0.0491587 0 0 -10 
0.395563 -4.6531400000000005 -0.059376 -3.9918099999999996 -0.020902 0.807415 0.883257 -0.1 1.10962 -1.7997299999999998 4.6426300000000005 -0.9492299999999999 2.79546 0.21809699999999999 -1.8407 -2.17576 0.12187100000000001 0.14237 0.448909 
104.63138462248676 8000.0 0.0203321 0.0279047 0.0626967 1.22204 0.9999959999999999 0.049238199999999996 0 0 -10 
0.39262800000000003 -4.64551 -0.0627815 -4.02839 -0.0250234 0.821594 0.8929879999999999 -0.1 1.1446399999999999 -1.80607 4.63796 -0.9821120000000001 2.8061700000000003 0.22218800000000002 -1.83303 -2.15055 0.122573 0.149883 0.417318 
105.06329666175724 8000.0 0.019350599999999996 0.027172900000000003 0.06146669999999999 1.22204 0.9999969999999999 0.049312 0 0 -10 
0.389835 -4.63828 -0.06600700000000001 -4.06304 -0.0289236 0.8350200000000001 0.902214 -0.1 1.17781 -1.8121 4.63355 -1.01325 2.81629 0.226059 -1.8257700000000001 -2.12668 0.123235 0.156998 0.387384 
105.45987725989632 8000.0 0.0184433 0.0264964 0.0603298 1.22204 0.9999969999999999 0.0493802 0 0 -10 
0.387201 -4.631530000000001 -0.0690339 -4.09554 -0.032578300000000004 0.847657 0.910861 -0.1 1.20906 -1.81778 4.62942 -1.04245 2.82582 0.229694 -1.8188799999999998 -2.1042400000000003 0.123866 0.16368 0.359173 
106.285 8000.0 0.017608099999999998 0.0258736 0.0592832 1.22204 0.9999979999999999 0.049443 0 0 -10 
0.384755 -4.62544 -0.0718283 -4.12549 -0.0359394 0.8594719999999999 0.918775 -0.1 1.23845 -1.82312 4.62564 -1.06931 2.8347599999999997 0.23307600000000003 -1.8121900000000002 -2.08331 0.12449500000000001 0.16986099999999998 0.33270500000000003 
106.54 8000.0 0.016842 0.0253024 0.0583232 1.22204 0.9999979999999999 0.0495006 0 0 -10 
0.382535 -4.6203199999999995 -0.0743393 -4.15225 -0.0389324 0.8704379999999999 0.9257209999999999 -0.1 1.2660799999999999 -1.82813 4.62234 -1.09322 2.84315 0.236177 -1.8054400000000002 -2.06399 0.125168 0.17544400000000002 0.30795300000000003 
106.781 8000.0 0.016141899999999997 0.0247804 0.057446000000000004 1.22204 0.9999979999999999 0.0495533 0 0 -10 
0.380587 -4.61653 -0.07650499999999999 -4.17506 -0.0414669 0.8805290000000001 0.931408 -0.1 1.29214 -1.8328099999999998 4.619669999999999 -1.11345 2.8510299999999997 0.238967 -1.79824 -2.04641 0.125947 0.180313 0.284858 
107.01 8000.0 0.0155043 0.024305 0.056647 1.22204 0.999999 0.04960119999999999 0 0 -10 
0.37895700000000004 -4.61445 -0.0782625 -4.19313 -0.043449400000000006 0.8897280000000001 0.935534 -0.1 1.31684 -1.83718 4.61776 -1.12923 2.85848 0.24141700000000002 -1.7902099999999999 -2.03068 0.126895 0.184347 0.263335 
107.226 8000.0 0.0149255 0.0238734 0.0559216 1.22204 0.999999 0.04964469999999999 0 0 -10 
0.377687 -4.61445 -0.0795556 -4.20576 -0.044795999999999996 0.898028 0.9378290000000001 -0.1 1.3404 -1.84126 4.61677 -1.13988 2.86554 0.2435 -1.78099 -2.01688 0.128073 0.187442 0.243288 
107.429 8000.0 0.0144015 0.0234827 0.055264999999999995 1.22204 0.999999 0.0496841 0 0 -10 
0.376806 -4.61678 -0.0803413 -4.2124 -0.045442199999999995 0.905434 0.9380780000000001 -0.1 1.36303 -1.8450799999999998 4.61679 -1.14487 2.87228 0.2452 -1.7702799999999999 -2.00505 0.129529 0.18951700000000002 0.22461599999999998 
107.62100000000001 8000.0 0.0139285 0.023130099999999997 0.05467230000000001 1.22204 0.999999 0.04971969999999999 0 0 -10 
0.376333 -4.62165 -0.0805936 -4.21272 -0.0453473 0.911963 0.936147 -0.1 1.3848799999999999 -1.84864 4.61789 -1.1438700000000002 2.87875 0.24650999999999998 -1.75785 -1.99522 0.131298 0.190526 0.207217 
107.801 8000.0 0.013502799999999999 0.0228126 0.054138900000000004 1.22204 0.999999 0.0497517 0 0 -10 
0.376274 -4.62913 -0.0803044 -4.2066099999999995 -0.0444976 0.917642 0.9319799999999999 -0.1 1.40611 -1.85198 4.6201099999999995 -1.13677 2.88498 0.24743 -1.7436099999999999 -1.98734 0.13339700000000002 0.190456 0.190997 
107.971 8000.0 0.013120600000000001 0.0225277 0.0536599 1.22204 0.999999 0.0497804 0 0 -10 
0.37661999999999995 -4.63919 -0.0794833 -4.19416 -0.0429049 0.9225129999999999 0.9256059999999999 -0.1 1.4268100000000001 -1.8551099999999998 4.623419999999999 -1.12365 2.8910099999999996 0.247973 -1.7275200000000002 -1.98135 0.135829 0.189327 0.17587 
108.131 8000.0 0.0127783 0.0222724 0.0532309 1.22204 1.0 0.0498061 0 0 -10 
0.37735100000000005 -4.65172 -0.0781558 -4.175680000000001 -0.0406039 0.926622 0.917126 -0.1 1.4470299999999998 -1.8580400000000001 4.6277800000000004 -1.10481 2.89685 0.248158 -1.70965 -1.97715 0.13858 0.187192 0.16175799999999999 
108.281 8000.0 0.0124724 0.0220443 0.0528476 1.22204 1.0 0.0498291 0 0 -10 
0.37844 -4.66654 -0.0763604 -4.15164 -0.037649 0.930025 0.9067 -0.1 1.4668 -1.8607799999999999 4.63311 -1.08067 2.90252 0.248013 -1.6901400000000002 -1.97459 0.141625 0.18412699999999999 0.14859 
108.421 8000.0 0.012199600000000001 0.021841 0.0525058 1.22204 1.0 0.0498497 0 0 -10 
0.379849 -4.68339 -0.0741457 -4.1226 -0.0341088 0.932783 0.8945379999999999 -0.1 1.48612 -1.86336 4.6393 -1.05179 2.90802 0.24756999999999998 -1.6692 -1.97354 0.14493 0.180227 0.13630599999999998 
108.553 8000.0 0.011956999999999999 0.02166 0.0522017 1.22204 1.0 0.0498679 0 0 -10 
0.381538 -4.701969999999999 -0.07156699999999999 -4.08924 -0.0300626 0.934958 0.8808790000000001 -0.1 1.50498 -1.8657700000000002 4.64624 -1.01883 2.91335 0.246862 -1.6470599999999997 -1.9738099999999998 0.148454 0.1756 0.12485299999999999 
108.676 8000.0 0.0117415 0.021499400000000002 0.0519318 1.22204 1.0 0.0498841 0 0 -10 
0.383463 -4.72198 -0.06868389999999999 -4.0522800000000005 -0.0255955 0.9366120000000001 0.865983 -0.1 1.5233299999999999 -1.8680299999999999 4.65379 -0.982452 2.91851 0.245929 -1.62398 -1.97525 0.15215 0.17036300000000001 0.11418199999999999 
108.792 8000.0 0.0115506 0.021357 0.051692499999999995 1.22204 1.0 0.0498985 0 0 -10 
0.385577 -4.7430900000000005 -0.0655572 -4.01246 -0.0207945 0.937809 0.850118 -0.1 1.5411299999999999 -1.8701400000000001 4.66182 -0.943378 2.92349 0.24480700000000002 -1.60025 -1.9776799999999999 0.155971 0.164634 0.104251 
108.899 8000.0 0.011381700000000002 0.0212311 0.051480899999999996 1.22204 1.0 0.0499111 0 0 -10 
0.387838 -4.76498 -0.06224690000000001 -3.97051 -0.015745600000000002 0.93861 0.833548 -0.1 1.55833 -1.87211 4.67019 -0.9023030000000001 2.92827 0.243533 -1.57613 -1.9809299999999999 0.15987 0.15853 0.0950197 
109.0 8000.0 0.0112326 0.0211199 0.051294000000000006 1.22204 1.0 0.0499224 0 0 -10 
0.390203 -4.78734 -0.05881030000000001 -3.92711 -0.010531299999999999 0.9390709999999999 0.816524 -0.1 1.57489 -1.8739400000000002 4.67879 -0.859893 2.93286 0.242143 -1.55189 -1.98485 0.163802 0.152162 0.0864533 
109.094 8000.0 0.0111012 0.021021900000000003 0.0511293 1.22204 1.0 0.049932199999999996 0 0 -10 
0.392631 -4.80987 -0.055300800000000004 -3.8829300000000004 -0.00522799 0.9392469999999999 0.799283 -0.1 1.59076 -1.87565 4.6875 -0.816769 2.93723 0.24067 -1.52778 -1.98927 0.167725 0.145635 0.0785174 
109.182 8000.0 0.0109855 0.0209357 0.0509843 1.22204 1.0 0.049940899999999996 0 0 -10 
0.395088 -4.832330000000001 -0.051766999999999994 -3.83854 9.472969999999999e-05 0.9391870000000001 0.782036 -0.1 1.60591 -1.8772400000000002 4.6962 -0.7734949999999999 2.94139 0.239142 -1.5040200000000001 -1.99407 0.171601 0.139044 0.0711797 
109.26299999999999 8000.0 0.0108839 0.0208599 0.050857 1.22204 1.0 0.049948599999999996 0 0 -10 
0.397542 -4.854480000000001 -0.0482519 -3.7944699999999996 0.00537533 0.938934 0.7649729999999999 -0.1 1.6203 -1.8787 4.7048 -0.7305699999999999 2.94533 0.23758800000000002 -1.4808 -1.9991299999999999 0.175396 0.132471 0.0644088 
109.339 8000.0 0.0107947 0.020793400000000004 0.0507452 1.22204 1.0 0.04995530000000001 0 0 -10 
0.399975 -4.87614 -0.0447926 -3.75116 0.010560600000000002 0.93853 0.748252 -0.1 1.63391 -1.8800400000000002 4.71323 -0.688427 2.94905 0.23603400000000002 -1.4582600000000001 -2.00432 0.179084 0.12598900000000002 0.0581744 
109.41 8000.0 0.0107166 0.0207352 0.0506473 1.22204 1.0 0.0499612 0 0 -10 
0.402393 -4.89721 -0.0414205 -3.7089999999999996 0.0156058 0.938009 0.7319979999999999 -0.1 1.6467 -1.8812200000000001 4.7214 -0.647438 2.95257 0.23450900000000002 -1.43651 -2.0095400000000003 0.182643 0.11965899999999999 0.0524466 
109.476 8000.0 0.010648200000000002 0.0206842 0.050561699999999994 1.22204 1.0 0.0499663 0 0 -10 
0.404827 -4.91763 -0.038161400000000005 -3.6682699999999997 0.0204743 0.9374020000000001 0.716302 -0.1 1.6586299999999998 -1.8821700000000001 4.72925 -0.607912 2.95592 0.23304899999999998 -1.4155799999999998 -2.0146900000000003 0.18606 0.113528 0.047195999999999995 
109.537 8000.0 0.0105896 0.0206406 0.0504875 1.22204 0.9999879999999999 0.0499708 0 0 -10 
0.407323 -4.93743 -0.0350358 -3.6292199999999997 0.025137299999999998 0.936735 0.701224 -0.1 1.66967 -1.8828099999999999 4.73674 -0.5701 2.95914 0.23168899999999998 -1.3954600000000001 -2.01965 0.189327 0.107635 0.042393900000000005 
109.594 8000.0 0.010548299999999998 0.0206113 0.0504282 1.22204 0.999868 0.0499752 0 0 -10 
0.409937 -4.95665 -0.0320589 -3.5920199999999998 0.029573099999999998 0.9360290000000001 0.6868029999999999 -0.1 1.6797799999999998 -1.88305 4.74381 -0.534195 2.9622599999999997 0.230462 -1.3761 -2.02434 0.192443 0.102007 0.038012 
109.647 8000.0 0.0105488 0.020618200000000003 0.050397000000000004 1.22204 0.9993549999999999 0.049980699999999996 0 0 -10 
0.412725 -4.97535 -0.029242 -3.5567699999999998 0.0337666 0.9353049999999999 0.673057 -0.1 1.68894 -1.8828 4.75044 -0.5003380000000001 2.9653400000000003 0.2294 -1.35745 -2.02868 0.195406 0.09666330000000001 0.034022699999999996 
109.695 8000.0 0.010634200000000002 0.0206995 0.0504171 1.22204 0.9979610000000001 0.0499892 0 0 -10 
0.41573000000000004 -4.9936 -0.026591900000000005 -3.52356 0.0377082 0.934577 0.659992 -0.1 1.69713 -1.882 4.7566 -0.46861899999999995 2.9684 0.228527 -1.33945 -2.0325900000000003 0.198221 0.0916168 0.030399000000000002 
109.76049457741603 8000.0 0.0108598 0.0209044 0.05051919999999999 1.22204 0.9950600000000001 0.050003399999999996 0 0 -10 
0.41898599999999997 -5.01145 -0.0241122 -3.4924199999999996 0.041393400000000004 0.9338559999999999 0.647606 -0.1 1.7043700000000002 -1.88061 4.7622800000000005 -0.439083 2.97149 0.227857 -1.3220399999999999 -2.03605 0.200889 0.08687339999999999 0.027114799999999998 
109.86090983424995 8000.0 0.011285 0.0212856 0.050735699999999995 1.22204 0.9899819999999999 0.050026 0 0 -10 
0.422509 -5.02894 -0.021803599999999996 -3.46335 0.044822100000000004 0.933154 0.63589 -0.1 1.7106599999999998 -1.8786 4.76748 -0.411738 2.9746099999999998 0.2274 -1.30518 -2.03903 0.20341700000000001 0.08243439999999999 0.0241449 
109.99704058478167 8000.0 0.0119649 0.0218922 0.051097199999999995 1.22204 0.9821049999999999 0.0500594 0 0 -10 
0.42630100000000004 -5.0461 -0.0196642 -3.43632 0.0479976 0.932476 0.624831 -0.1 1.7160400000000002 -1.87598 4.77221 -0.38655500000000004 2.97778 0.227156 -1.28885 -2.0415099999999997 0.205808 0.07829680000000001 0.0214649 
110.16854565370743 8000.0 0.0129447 0.0227642 0.0516283 1.22204 0.9709190000000001 0.0501059 0 0 -10 
0.430349 -5.06292 -0.017690200000000003 -3.41128 0.0509259 0.9318299999999999 0.614413 -0.1 1.7205599999999999 -1.87278 4.77648 -0.36348 2.9809900000000003 0.22712 -1.27302 -2.0435 0.20806599999999997 0.0744547 0.0190518 
110.3749490745306 8000.0 0.0142555 0.0239292 0.052346300000000005 1.22204 0.956074 0.050166699999999995 0 0 -10 
0.434629 -5.07939 -0.0158762 -3.3881699999999997 0.053615699999999995 0.931218 0.6046199999999999 -0.1 1.72427 -1.86904 4.7803 -0.342437 2.98426 0.22728 -1.25769 -2.04502 0.210196 0.0708993 0.0168834 
110.61664176141127 8000.0 0.015912799999999998 0.0254012 0.0532595 1.22204 0.9373889999999999 0.050242699999999994 0 0 -10 
0.439105 -5.09548 -0.0142154 -3.36692 0.0560771 0.930642 0.595434 -0.1 1.72724 -1.8648099999999999 4.78371 -0.323332 2.98755 0.22761900000000002 -1.2428700000000001 -2.0461 0.21220100000000003 0.0676201 0.014938900000000001 
110.8928836486025 8000.0 0.0179171 0.027180400000000004 0.0543679 1.22204 0.914858 0.0503339 0 0 -10 
0.443738 -5.11116 -0.0127003 -3.34743 0.0583217 0.930106 0.5868359999999999 -0.1 1.72953 -1.86018 4.78673 -0.306058 2.99086 0.228118 -1.2285700000000002 -2.04678 0.214085 0.06460489999999999 0.0131986 
111.20180628995831 8000.0 0.020254599999999998 0.029254900000000004 0.055663599999999994 1.22204 0.8886299999999999 0.0504398 0 0 -10 
0.448482 -5.12638 -0.0113228 -3.3296099999999997 0.0603617 0.929607 0.578807 -0.1 1.7312299999999998 -1.8552 4.78938 -0.290503 2.99416 0.22875700000000002 -1.21482 -2.0471 0.21585300000000002 0.06184069999999999 0.011644 
111.54341590938236 8000.0 0.0228999 0.031602099999999994 0.0571323 1.22204 0.858986 0.0505592 0 0 -10 
0.45328999999999997 -5.14111 -0.0100743 -3.31336 0.0622101 0.929147 0.571326 -0.1 1.73239 -1.8499700000000001 4.7917 -0.276546 2.99744 0.22951300000000002 -1.2016200000000001 -2.0470900000000003 0.217507 0.0593137 0.010258 
111.91759689150275 8000.0 0.025818400000000002 0.0341912 0.0587544 1.22204 0.826311 0.0506906 0 0 -10 
0.45811599999999997 -5.1553 -0.00894605 -3.2985900000000004 0.0638799 0.928725 0.5643729999999999 -0.1 1.7330900000000002 -1.8445599999999998 4.7937199999999995 -0.26406799999999997 3.00067 0.23036399999999999 -1.189 -2.04681 0.219052 0.057009699999999996 0.0090244 
112.32111570031178 8000.0 0.0289687 0.0369859 0.060506899999999995 1.22204 0.791061 0.050832199999999994 0 0 -10 
0.462916 -5.1689099999999994 -0.00792936 -3.2852 0.0653842 0.9283389999999999 0.557926 -0.1 1.7334 -1.83905 4.79546 -0.25295 3.0038400000000003 0.23128800000000002 -1.17699 -2.04629 0.22049000000000002 0.054914300000000006 0.00792847 
112.754625212006 8000.0 0.032305900000000005 0.0399459 0.062364300000000004 1.22204 0.753739 0.050982 0 0 -10 
0.46765100000000004 -5.18192 -0.00701563 -3.2730799999999998 0.06673589999999999 0.9279870000000001 0.551963 -0.1 1.73337 -1.83349 4.7969599999999994 -0.243073 3.00693 0.232265 -1.1655799999999998 -2.0455799999999997 0.221827 0.0530135 0.00695649 
113.21666944680793 8000.0 0.035782999999999995 0.04303 0.0643005 1.22204 0.714867 0.0511379 0 0 -10 
0.472282 -5.1942900000000005 -0.00619651 -3.26215 0.0679472 0.927667 0.546461 -0.1 1.73308 -1.82797 4.79823 -0.23432600000000003 3.0099099999999996 0.233276 -1.1548 -2.04472 0.223065 0.0512931 0.00609586 
113.70468868314786 8000.0 0.0393534 0.0461966 0.06628939999999998 1.22204 0.6749609999999999 0.05129790000000001 0 0 -10 
0.476779 -5.206 -0.00546396 -3.2523 0.0690303 0.927378 0.5413979999999999 -0.1 1.7325599999999999 -1.8225200000000001 4.79932 -0.22660100000000002 3.01278 0.234305 -1.1446399999999999 -2.04374 0.22421 0.0497397 0.00533507 
114.21802493624301 8000.0 0.042972500000000004 0.0494064 0.06830599999999999 1.22204 0.634521 0.051460000000000006 0 0 -10 
0.481116 -5.21704 -0.00481033 -3.24347 0.0699953 0.927117 0.5367460000000001 -0.1 1.73187 -1.8172 4.80023 -0.219808 3.01553 0.23533 -1.13511 -2.04268 0.225267 0.048341699999999994 0.00466444 
114.75492778182937 8000.0 0.0465985 0.0526222 0.07032680000000001 1.22204 0.59401 0.05162230000000001 0 0 -10 
0.48528599999999994 -5.2274199999999995 -0.00422839 -3.2356599999999998 0.0708423 0.926875 0.532456 -0.1 1.73098 -1.81205 4.801 -0.213935 3.01817 0.23629099999999997 -1.12624 -2.0415799999999997 0.226244 0.0471015 0.00408173 
115.31356050459081 8000.0 0.050193800000000004 0.0558106 0.0723309 1.22204 0.5538489999999999 0.0517832 0 0 -10 
0.489309 -5.23717 -0.00371135 -3.22912 0.0715497 0.926631 0.5284260000000001 -0.1 1.72975 -1.80709 4.80164 -0.209148 3.0207599999999997 0.237038 -1.11809 -2.04049 0.227165 0.0460513 0.00360021 
115.89100654968874 8000.0 0.053725 0.0589422 0.07429960000000001 1.22204 0.514407 0.05194119999999999 0 0 -10 
0.493241 -5.24633 -0.00325288 -3.22431 0.0720713 0.926349 0.5244949999999999 -0.1 1.7279200000000001 -1.80233 4.80219 -0.205808 3.0234099999999997 0.237314 -1.11079 -2.0394900000000002 0.228061 0.0452569 0.00325045 
116.48727625473062 8000.0 0.05716369999999999 0.06199169999999999 0.0762168 1.22204 0.47600299999999995 0.052095 0 0 -10 
0.497162 -5.254980000000001 -0.00284712 -3.22187 0.07234410000000001 0.925984 0.520461 -0.1 1.7251 -1.79778 4.80265 -0.204413 3.02628 0.236792 -1.1045200000000002 -2.0386599999999997 0.22897699999999999 0.0448079 0.00307515 
117.09931383853196 8000.0 0.0604859 0.0649379 0.0780694 1.22204 0.43890200000000007 0.05224349999999999 0 0 -10 
0.501163 -5.2632 -0.00248865 -3.22248 0.0722986 0.9254870000000001 0.516111 -0.1 1.7209 -1.79345 4.80307 -0.205512 3.02952 0.235123 -1.0994700000000002 -2.0381 0.229956 0.0448019 0.00312144 
117.72500462212251 8000.0 0.0636727 0.06776389999999999 0.0798465 1.22204 0.403316 0.052386 0 0 -10 
0.505329 -5.271059999999999 -0.00217253 -3.2267900000000003 0.07187 0.9248139999999999 0.511242 -0.1 1.7149400000000001 -1.78931 4.80345 -0.20961999999999997 3.0333 0.23198200000000002 -1.09579 -2.03788 0.23104299999999997 0.045330300000000004 0.00343366 
118.36218245663333 8000.0 0.06670939999999999 0.0704568 0.0815401 1.22204 0.369408 0.0525217 0 0 -10 
0.509737 -5.27865 -0.00189421 -3.23533 0.0710057 0.923925 0.505688 -0.1 1.7068900000000002 -1.7853700000000001 4.8038099999999995 -0.217153 3.03773 0.227102 -1.09361 -2.03809 0.23227199999999998 0.0464673 0.00404779 
119.0096373319738 8000.0 0.06958539999999999 0.0730071 0.0831441 1.22204 0.337296 0.052650300000000004 0 0 -10 
0.514441 -5.28602 -0.00164955 -3.2484599999999997 0.0696701 0.922794 0.499324 -0.1 1.69655 -1.7816 4.80417 -0.228394 3.04292 0.220298 -1.09303 -2.03875 0.23367 0.0482627 0.00498799 
119.66412313957244 8000.0 0.0722937 0.07540880000000001 0.0846547 1.22204 0.307057 0.05277130000000001 0 0 -10 
0.519474 -5.29322 -0.00143483 -3.26633 0.06784739999999999 0.921408 0.49207700000000004 -0.1 1.6838 -1.7780099999999999 4.80455 -0.24347 3.0489 0.211472 -1.09406 -2.03991 0.235252 0.050739099999999995 0.00626506 
120.32336556191542 8000.0 0.0748308 0.07765860000000001 0.08606989999999999 1.22204 0.278731 0.0528847 0 0 -10 
0.524846 -5.30029 -0.00124666 -3.28893 0.065541 0.9197639999999999 0.483926 -0.1 1.6686400000000001 -1.7745900000000001 4.804930000000001 -0.262355 3.0557 0.200619 -1.09669 -2.04155 0.23702199999999998 0.0538923 0.00787647 
120.98607006116958 8000.0 0.0771959 0.07975589999999999 0.08738910000000001 1.22204 0.252326 0.0529904 0 0 -10 
0.530546 -5.30724 -0.00108198 -3.31605 0.0627718 0.9178700000000001 0.47489499999999996 -0.1 1.65116 -1.77132 4.80534 -0.284882 3.06328 0.187813 -1.10083 -2.0436799999999997 0.238977 0.057692999999999994 0.00980756 
121.6489299388304 8000.0 0.0793906 0.08170210000000001 0.0886134 1.22204 0.227825 0.0530884 0 0 -10 
0.536546 -5.31407 -0.000938068 -3.34734 0.059575800000000005 0.915746 0.465045 -0.1 1.63155 -1.7682099999999998 4.80577 -0.310767 3.07159 0.17319600000000002 -1.10639 -2.04625 0.241103 0.0620914 0.0120333 
122.30863443808457 8000.0 0.0814184 0.0835003 0.08974460000000001 1.22204 0.205186 0.053179 0 0 -10 
0.542804 -5.320790000000001 -0.0008124639999999999 -3.38234 0.0560006 0.913415 0.45447200000000004 -0.1 1.61005 -1.76525 4.80623 -0.339633 3.08053 0.156968 -1.11321 -2.04923 0.24337899999999998 0.0670213 0.0145208 
122.95987686042754 8000.0 0.0832846 0.08515510000000001 0.0907857 1.22204 0.184353 0.0532624 0 0 -10 
0.5492670000000001 -5.327380000000001 -0.00070298 -3.4205 0.0521021 0.910911 0.443291 -0.1 1.58694 -1.7624400000000002 4.8067 -0.37103800000000003 3.09 0.13936300000000001 -1.1211200000000001 -2.0525599999999997 0.24578200000000003 0.0724049 0.0172314 
123.5953626680262 8000.0 0.0849955 0.08667230000000001 0.0917401 1.22204 0.16525399999999998 0.053338800000000006 0 0 -10 
0.555875 -5.333819999999999 -0.0006076640000000001 -3.46124 0.0479408 0.908266 0.431633 -0.1 1.56255 -1.75977 4.80719 -0.4045 3.0998900000000003 0.12064100000000001 -1.12996 -2.05618 0.248284 0.0781577 0.020123 
124.20681754336664 8000.0 0.08655850000000001 0.0880583 0.0926121 1.22204 0.147806 0.0534086 0 0 -10 
0.562566 -5.3401 -0.000524781 -3.5039300000000004 0.0435795 0.905516 0.419634 -0.1 1.53721 -1.75725 4.80769 -0.439522 3.11008 0.101073 -1.13954 -2.06003 0.25085599999999997 0.08419220000000001 0.0231523 
124.78399537787749 8000.0 0.0879817 0.0893202 0.0934061 1.22204 0.131919 0.0534722 0 0 -10 
0.569279 -5.3462 -0.000452792 -3.5479800000000004 0.039080500000000004 0.902697 0.407433 -0.1 1.51124 -1.7548700000000002 4.8082 -0.475612 3.12046 0.08092680000000001 -1.14968 -2.0640400000000003 0.253469 0.0904217 0.026276099999999997 
125.31768616146805 8000.0 0.0892733 0.09046560000000001 0.0941267 1.22204 0.1175 0.0535299 0 0 -10 
0.5759529999999999 -5.3520900000000005 -0.000390335 -3.59279 0.0345034 0.8998440000000001 0.395162 -0.1 1.4849700000000001 -1.75263 4.80871 -0.512297 3.13089 0.0604625 -1.1602 -2.0681700000000003 0.256094 0.096763 0.0294533 
125.79572374526938 8000.0 0.0904422 0.0915021 0.0947788 1.22204 0.104453 0.0535821 0 0 -10 
0.582534 -5.35775 -0.000336204 -3.6378199999999996 0.0299036 0.8969879999999999 0.382946 -0.1 1.45868 -1.75052 4.80921 -0.549137 3.14129 0.0399215 -1.1709399999999999 -2.07235 0.258706 0.10313900000000001 0.0326455 
126.20899345031127 8000.0 0.09149689999999999 0.09243739999999999 0.0953673 1.22204 0.092679 0.053629199999999995 0 0 -10 
0.588972 -5.363169999999999 -0.00028934 -3.6825900000000003 0.0253315 0.894158 0.370896 -0.1 1.43265 -1.74855 4.8097199999999996 -0.585734 3.1515400000000002 0.019523 -1.1817600000000001 -2.07654 0.261281 0.10947799999999999 0.035817699999999994 
126.54743949540918 8000.0 0.0924461 0.0932791 0.0958969 1.22204 0.0820837 0.0536716 0 0 -10 
0.595222 -5.36833 -0.00024880599999999996 -3.72665 0.0208317 0.891381 0.359112 -0.1 1.40711 -1.74672 4.81021 -0.621734 3.16157 -0.000538995 -1.1925299999999999 -2.08068 0.263798 0.11572 0.0389394 
126.80207221817065 8000.0 0.09329810000000001 0.09403450000000001 0.09637219999999999 1.22204 0.07257360000000002 0.0537097 0 0 -10 
0.60125 -5.37322 -0.000213782 -3.7696300000000003 0.016442099999999998 0.888677 0.34767800000000004 -0.1 1.38225 -1.74501 4.8106800000000005 -0.656837 3.1713 -0.0200976 -1.20312 -2.08474 0.26623800000000003 0.12180999999999999 0.0419841 
126.96597506375701 8000.0 0.09405880000000001 0.0947091 0.0967966 1.22204 0.0640822 0.0537436 0 0 -10 
0.607024 -5.37785 -0.00018354799999999998 -3.8112199999999996 0.012194799999999999 0.886067 0.336665 -0.1 1.35826 -1.74342 4.81114 -0.6907909999999999 3.1806799999999997 -0.039013599999999996 -1.21345 -2.08868 0.26858899999999997 0.12770499999999999 0.0449298 
127.03231131685213 8000.0 0.094724 0.095299 0.0971678 1.22204 0.056656899999999996 0.0537733 0 0 -10 
0.6125229999999999 -5.3821900000000005 -0.000157472 -3.8511699999999998 0.00811553 0.8835629999999999 0.326129 -0.1 1.3352600000000001 -1.74196 4.81158 -0.723391 3.18965 -0.057174800000000005 -1.22343 -2.09248 0.270836 0.133367 0.0477586 
126.99833055319208 8000.0 0.0952712 0.0957842 0.09747310000000001 1.22204 0.050549199999999996 0.05379780000000001 0 0 -10 
0.617729 -5.38625 -0.000135003 -3.8892800000000003 0.00422407 0.881178 0.316112 -0.1 1.31335 -1.7406099999999998 4.812 -0.754482 3.19818 -0.0744942 -1.23301 -2.09612 0.272973 0.13877 0.050457 
126.86037478799398 8000.0 0.09565989999999999 0.0961288 0.09768989999999998 1.22204 0.0462106 0.0538151 0 0 -10 
0.622632 -5.39004 -0.000115658 -3.92541 0.000534985 0.878919 0.306643 -0.1 1.29261 -1.73937 4.8124 -0.783949 3.20624 -0.0909087 -1.24214 -2.09958 0.274992 0.143893 0.0530148 
126.61788429968821 8000.0 0.0958387 0.0962874 0.0977897 1.22204 0.044213999999999996 0.0538231 0 0 -10 
0.6272260000000001 -5.39356 -9.901610000000001e-05 -3.9594699999999996 -0.00294208 0.876792 0.297741 -0.1 1.27308 -1.73823 4.81278 -0.811716 3.21382 -0.106377 -1.2507700000000002 -2.10285 0.276889 0.148722 0.0554255 
126.27040310849723 8000.0 0.09575410000000001 0.09621239999999999 0.0977424 1.22204 0.04515809999999999 0.0538193 0 0 -10 
0.6315109999999999 -5.396809999999999 -8.47122e-05 -3.99139 -0.00620179 0.8748 0.289414 -0.1 1.2548 -1.7371900000000002 4.81313 -0.837743 3.22091 -0.120875 -1.2589 -2.1059200000000002 0.27866399999999997 0.153249 0.05768530000000001 
125.82058409061764 8000.0 0.0953577 0.0958609 0.0975212 1.22204 0.04958169999999999 0.053801699999999994 0 0 -10 
0.63549 -5.3998099999999996 -7.24271e-05 -4.02117 -0.00924252 0.872944 0.28166199999999997 -0.1 1.23776 -1.73625 4.81346 -0.8620180000000001 3.2275099999999997 -0.134398 -1.26651 -2.10879 0.280316 0.157473 0.0597931 
125.2711937100417 8000.0 0.0946121 0.0951998 0.0971051 1.22204 0.057902199999999994 0.053768399999999994 0 0 -10 
0.639169 -5.40257 -6.188399999999999e-05 -4.048830000000001 -0.0120659 0.8712209999999999 0.274476 -0.1 1.22195 -1.7353900000000002 4.81376 -0.884553 3.23363 -0.146952 -1.27359 -2.1114599999999997 0.28184699999999996 0.161396 0.0617502 
124.6261163513975 8000.0 0.0934941 0.0942084 0.0964812 1.22204 0.0703802 0.053718499999999995 0 0 -10 
0.642558 -5.40509 -5.28427e-05 -4.07439 -0.014676 0.8696290000000001 0.267844 -0.1 1.20735 -1.7346099999999998 4.81404 -0.905385 3.23927 -0.158557 -1.28016 -2.11394 0.28326 0.165022 0.0635594 
123.89135823858875 8000.0 0.09199539999999999 0.09287949999999999 0.09564489999999999 1.22204 0.0871058 0.053651599999999994 0 0 -10 
0.645667 -5.40739 -4.50949e-05 -4.09793 -0.0170792 0.8681639999999999 0.261745 -0.1 1.19391 -1.7339 4.8143 -0.9245620000000001 3.2444599999999997 -0.169241 -1.2862200000000001 -2.11622 0.284559 0.16836099999999998 0.0652251 
123.0700509254694 8000.0 0.09012289999999999 0.0912191 0.09459989999999999 1.22204 0.108004 0.053568 0 0 -10 
0.648511 -5.40948 -3.84602e-05 -4.11952 -0.0192834 0.866821 0.256159 -0.1 1.18159 -1.7332599999999998 4.81454 -0.94215 3.24922 -0.17904 -1.29179 -2.1183099999999997 0.285749 0.171425 0.0667529 
122.17145434629256 8000.0 0.08789630000000001 0.0892448 0.0933574 1.22204 0.132854 0.053468600000000005 0 0 -10 
0.651103 -5.41138 -3.27826e-05 -4.13926 -0.0212979 0.8655940000000001 0.25105900000000003 -0.1 1.17034 -1.73269 4.81475 -0.9582219999999999 3.25356 -0.187995 -1.2968899999999999 -2.12023 0.286835 0.174224 0.0681491 
121.19985941521831 8000.0 0.0853465 0.08698380000000001 0.0919345 1.22204 0.16131199999999998 0.053354700000000005 0 0 -10 
0.653457 -5.4131 -2.79273e-05 -4.15723 -0.0231329 0.864477 0.24641799999999997 -0.1 1.1601 -1.73217 4.81495 -0.9728610000000001 3.25751 -0.196151 -1.30154 -2.12197 0.287823 0.17677400000000001 0.0694208 
120.16259016575003 8000.0 0.0825125 0.08447080000000001 0.090353 1.22204 0.192942 0.05322819999999999 0 0 -10 
0.65559 -5.41465 -2.3778000000000002e-05 -4.17355 -0.0247989 0.8634639999999999 0.242209 -0.1 1.15081 -1.7317099999999999 4.81513 -0.98615 3.2610900000000003 -0.203556 -1.30577 -2.12356 0.28872 0.17909 0.07057530000000001 
119.06630542258397 8000.0 0.07943889999999999 0.0817454 0.0886378 1.22204 0.22724499999999997 0.053091 0 0 -10 
0.657517 -5.41604 -2.02342e-05 -4.18832 -0.0263069 0.8625459999999999 0.238402 -0.1 1.1424 -1.7313 4.81529 -0.998179 3.2643299999999997 -0.210258 -1.30961 -2.125 0.28953 0.18118599999999999 0.0716205 
117.9174 8000.0 0.0761737 0.0788501 0.0868157 1.22204 0.263687 0.0529452 0 0 -10 
0.6592520000000001 -5.41729 -1.72094e-05 -4.2016599999999995 -0.027668099999999998 0.861718 0.23496799999999998 -0.1 1.13481 -1.7309299999999999 4.81544 -1.00904 3.26725 -0.216308 -1.3130700000000002 -2.1263 0.290261 0.183078 0.0725638 
112.00930484607495 8000.0 0.07276569999999999 0.07582810000000001 0.08491389999999999 1.22204 0.301723 0.0527931 0 0 -10 
0.660812 -5.418419999999999 -1.46293e-05 -4.21366 -0.028893400000000003 0.860973 0.231879 -0.1 1.12798 -1.7306099999999998 4.81557 -1.01881 3.26988 -0.221754 -1.3162 -2.12747 0.290919 0.184782 0.07341289999999999 
107.10896151115551 8000.0 0.0692628 0.0727221 0.0829592 1.22204 0.340818 0.052636699999999995 0 0 -10 
0.6622100000000001 -5.41942 -1.24296e-05 -4.22444 -0.0299936 0.8603040000000001 0.229108 -0.1 1.12185 -1.7303099999999998 4.81569 -1.02758 3.27224 -0.22664299999999998 -1.31901 -2.12853 0.291509 0.18631099999999998 0.0741753 
103.00700754729243 8000.0 0.06571060000000001 0.0695723 0.08097689999999999 1.22204 0.380463 0.05247809999999999 0 0 -10 
0.66346 -5.42031 -1.0555499999999999e-05 -4.23409 -0.030979000000000003 0.8597049999999999 0.226627 -0.1 1.11636 -1.73005 4.8158 -1.03544 3.27435 -0.23102199999999998 -1.3215299999999999 -2.12947 0.292037 0.187681 0.0748581 
99.53912654224423 8000.0 0.06215130000000001 0.0664162 0.0789907 1.22204 0.420187 0.0523192 0 0 -10 
0.664575 -5.42111 -8.95966e-06 -4.242719999999999 -0.031859500000000006 0.8591700000000001 0.224411 -0.1 1.1114600000000001 -1.72983 4.8158900000000004 -1.04246 3.27624 -0.23493499999999998 -1.32378 -2.1303099999999997 0.292508 0.188905 0.0754682 
96.57707486984584 8000.0 0.0586227 0.0632873 0.0770216 1.22204 0.45956800000000003 0.0521617 0 0 -10 
0.665569 -5.421819999999999 -7.6014600000000006e-06 -4.25041 -0.0326445 0.8586940000000001 0.222437 -0.1 1.10709 -1.7296200000000002 4.815980000000001 -1.04872 3.2779199999999995 -0.23842399999999997 -1.32579 -2.1310599999999997 0.292928 0.189996 0.0760122 
94.02019185733774 8000.0 0.0551581 0.06021519999999999 0.0750882 1.22204 0.49823500000000004 0.0520071 0 0 -10 
0.666451 -5.42244 -6.44616e-06 -4.25725 -0.033343 0.8582690000000001 0.220681 -0.1 1.10321 -1.72944 4.81605 -1.05429 3.27941 -0.24152800000000002 -1.32758 -2.13173 0.293302 0.190968 0.0764962 
91.78944923629173 8000.0 0.0517859 0.057225 0.07320639999999999 1.22204 0.535872 0.05185650000000001 0 0 -10 
0.667234 -5.422999999999999 -5.463969999999999e-06 -4.263330000000001 -0.033963099999999996 0.857893 0.219123 -0.1 1.09976 -1.7292900000000002 4.81612 -1.05923 3.28074 -0.244283 -1.32917 -2.13233 0.293634 0.19183 0.07692589999999999 
89.82339042210322 8000.0 0.04852940000000001 0.0543374 0.0713892 1.22204 0.572216 0.051711099999999996 0 0 -10 
0.667927 -5.42349 -4.62937e-06 -4.26871 -0.03451269999999999 0.857559 0.217743 -0.1 1.0967 -1.72915 4.81618 -1.06361 3.28191 -0.24672600000000003 -1.3305799999999999 -2.13286 0.293927 0.19259400000000002 0.0773067 
88.07338466225501 8000.0 0.045407499999999996 0.0515691 0.069647 1.22204 0.607059 0.05157180000000001 0 0 -10 
0.668539 -5.42392 -3.92055e-06 -4.27348 -0.034998800000000004 0.8572639999999999 0.216522 -0.1 1.094 -1.7290299999999998 4.81623 -1.06749 3.28295 -0.24888600000000002 -1.3318299999999998 -2.13332 0.294187 0.19327 0.07764349999999999 
86.50167970823844 7999.98 0.0424344 0.048932800000000005 0.06798789999999999 1.22204 0.640241 0.051439 0 0 -10 
0.669079 -5.4243 -3.31884e-06 -4.27768 -0.035427999999999994 0.8570030000000001 0.21544499999999997 -0.1 1.09161 -1.72892 4.81628 -1.07091 3.28387 -0.250793 -1.33293 -2.13374 0.294416 0.193867 0.0779409 
85.07828278548567 7999.63 0.039620300000000004 0.046437599999999996 0.06641760000000001 1.22204 0.6716479999999999 0.0513134 0 0 -10 
0.669555 -5.42464 -2.8083e-06 -4.28139 -0.0358064 0.856773 0.214496 -0.1 1.08951 -1.72882 4.816319999999999 -1.0739299999999998 3.2846699999999998 -0.252475 -1.33391 -2.1341 0.294618 0.194393 0.078203 
83.7798359235974 7997.54 0.0369719 0.0440891 0.06493969999999999 1.22204 0.701207 0.0511952 0 0 -10 
0.6699729999999999 -5.424930000000001 -2.37533e-06 -4.28465 -0.036139300000000006 0.8565709999999999 0.21366100000000002 -0.1 1.08765 -1.7287400000000002 4.81635 -1.0765799999999999 3.28539 -0.253954 -1.33476 -2.13442 0.294796 0.194856 0.0784337 
82.58778026138381 7990.66 0.034492300000000004 0.0418905 0.063556 1.22204 0.72888 0.051084500000000005 0 0 -10 
0.6703399999999999 -5.42519 -2.0083000000000003e-06 -4.28752 -0.0364319 0.8563940000000001 0.212927 -0.1 1.0860299999999998 -1.7286700000000002 4.81639 -1.07891 3.2860099999999997 -0.255254 -1.33552 -2.1347 0.294952 0.19526300000000002 0.0786364 
81.48742640683517 7974.48 0.0321823 0.0398421 0.0622669 1.22204 0.7546619999999999 0.0509814 0 0 -10 
0.670662 -5.42541 -1.69732e-06 -4.290030000000001 -0.0366885 0.8562379999999999 0.21228400000000003 -0.1 1.0846 -1.7286099999999998 4.816409999999999 -1.0809600000000001 3.2865599999999997 -0.256395 -1.33618 -2.13495 0.295089 0.19562000000000002 0.0788143 
80.46696560862226 7943.72 0.030039999999999997 0.037942500000000004 0.061071400000000005 1.22204 0.778572 0.0508857 0 0 -10 
0.670944 -5.42561 -1.43394e-06 -4.29223 -0.0369134 0.856102 0.21172 -0.1 1.08335 -1.72855 4.81644 -1.08275 3.28704 -0.257394 -1.33676 -2.13517 0.295209 0.195932 0.07897 
79.51727040401882 7893.13 0.0280616 0.0361882 0.0599674 1.22204 0.800651 0.0507974 0 0 -10 
0.67119 -5.4257800000000005 -1.2109700000000002e-06 -4.29416 -0.0371101 0.855982 0.21122800000000003 -0.1 1.08226 -1.7285 4.81646 -1.0843200000000002 3.28745 -0.258268 -1.3372700000000002 -2.13536 0.295313 0.196206 0.0791063 
78.63054435152297 7818.1 0.026242 0.0345748 0.058952 1.22204 0.820959 0.050716199999999996 0 0 -10 
0.671405 -5.42593 -1.02229e-06 -4.29584 -0.0372819 0.855878 0.21079699999999998 -0.1 1.08131 -1.7284599999999999 4.81648 -1.08569 3.2878199999999995 -0.259031 -1.33771 -2.13552 0.29540500000000003 0.196445 0.07922539999999999 
77.80068906697873 7715.11 0.0245747 0.0330963 0.0580216 1.22204 0.839568 0.0506417 0 0 -10 
0.671593 -5.42606 -8.6269e-07 -4.2973099999999995 -0.0374318 0.8557870000000001 0.21042199999999997 -0.1 1.08047 -1.72843 4.81649 -1.0868799999999998 3.2881400000000003 -0.259698 -1.3381 -2.13567 0.295485 0.196653 0.07932919999999999 
77.02256355697044 7582.0 0.0230523 0.0317464 0.057172100000000003 1.22204 0.856559 0.05057380000000001 0 0 -10 
0.671756 -5.4261800000000004 -7.27748e-07 -4.29859 -0.0375625 0.855708 0.21009499999999998 -0.1 1.07975 -1.7284 4.81651 -1.0879299999999998 3.28842 -0.260278 -1.33843 -2.13579 0.295554 0.19683499999999998 0.0794197 
76.29201617397652 7417.97 0.021666900000000003 0.030517900000000004 0.0563989 1.22204 0.8720209999999999 0.050511900000000005 0 0 -10 
0.671898 -5.42628 -6.13699e-07 -4.29971 -0.03767619999999999 0.8556389999999999 0.20981 -0.1 1.07912 -1.72837 4.81652 -1.08883 3.2886599999999997 -0.260783 -1.33873 -2.1359 0.295615 0.196993 0.0794985 
75.60537371210596 7223.6 0.02041 0.0294034 0.0556976 1.22204 0.886049 0.0504558 0 0 -10 
0.672022 -5.42636 -5.173440000000001e-07 -4.300680000000001 -0.037775 0.8555790000000001 0.209563 -0.1 1.07857 -1.72835 4.81653 -1.08962 3.2888699999999997 -0.261223 -1.3389799999999998 -2.136 0.295668 0.197131 0.079567 
74.95967546244782 7000.58 0.0192732 0.0283954 0.05506319999999999 1.22204 0.8987360000000001 0.0504051 0 0 -10 
0.672129 -5.42644 -4.35971e-07 -4.30152 -0.0378608 0.855527 0.209348 -0.1 1.07809 -1.72833 4.81654 -1.0903 3.28905 -0.261604 -1.3392 -2.1360799999999998 0.295713 0.19725 0.0796265 
74.35204264374717 6751.6 0.0182479 0.027486200000000002 0.054491 1.22204 0.9101799999999999 0.0503593 0 0 -10 
0.672222 -5.4265 -3.6727400000000004e-07 -4.30225 -0.0379353 0.855482 0.209162 -0.1 1.07768 -1.7283099999999998 4.81655 -1.0909 3.2892099999999997 -0.261935 -1.3394 -2.13615 0.29575300000000004 0.197354 0.0796781 
73.78027566725673 6480.01 0.017325599999999997 0.026668400000000002 0.053976300000000005 1.22204 0.920474 0.0503181 0 0 -10 
0.6723020000000001 -5.42656 -3.0930099999999997e-07 -4.30288 -0.03799980000000001 0.8554430000000001 0.209 -0.1 1.07732 -1.72829 4.81656 -1.09141 3.28935 -0.26222199999999996 -1.33956 -2.1362099999999997 0.29578699999999997 0.197443 0.07972280000000001 
73.24217330220057 6189.7 0.016498 0.025934600000000002 0.0535145 1.22204 0.92971 0.0502812 0 0 -10 
0.6723720000000001 -5.4266 -2.60395e-07 -4.3034300000000005 -0.038055599999999995 0.855409 0.20886100000000002 -0.1 1.07701 -1.7282799999999998 4.81656 -1.09186 3.2894699999999997 -0.26247 -1.33971 -2.13627 0.295817 0.197521 0.0797614 
72.7358690731771 5884.75 0.0157573 0.0252777 0.053101199999999994 1.22204 0.9379770000000001 0.0502481 0 0 -10 
0.6724319999999999 -5.42665 -2.1915299999999998e-07 -4.3039 -0.038103899999999996 0.8553790000000001 0.20874 -0.1 1.07674 -1.72827 4.81657 -1.0922399999999999 3.28957 -0.26268400000000003 -1.3398299999999999 -2.13631 0.29584299999999997 0.197588 0.0797949 
72.25958121607478 5569.37 0.0150958 0.0246912 0.05273200000000001 1.22204 0.9453600000000001 0.050218599999999995 0 0 -10 
0.672484 -5.42668 -1.8438600000000002e-07 -4.30431 -0.038145599999999995 0.8553540000000001 0.208635 -0.1 1.07651 -1.72826 4.81657 -1.09257 3.28966 -0.26287 -1.33994 -2.13635 0.295865 0.19764600000000002 0.0798238 
71.81167330215835 5247.62 0.0145064 0.0241685 0.052403099999999994 1.22204 0.951938 0.0501922 0 0 -10 
0.672529 -5.42671 -1.55087e-07 -4.30466 -0.038181599999999996 0.855332 0.20854499999999998 -0.1 1.07631 -1.72825 4.81658 -1.09286 3.28974 -0.26303000000000004 -1.3400299999999998 -2.13639 0.29588400000000004 0.197696 0.0798487 
71.39052325613359 4923.37 0.0139822 0.023703799999999997 0.0521106 1.22204 0.957788 0.050168800000000006 0 0 -10 
0.672567 -5.426740000000001 -1.30405e-07 -4.3049599999999995 -0.038212699999999995 0.8553139999999999 0.208468 -0.1 1.0761399999999999 -1.7282400000000002 4.81658 -1.09311 3.2898 -0.26316799999999996 -1.3401100000000001 -2.13642 0.295901 0.197739 0.0798702 
70.99479897880013 4600.19 0.013517099999999999 0.023291299999999997 0.0518511 1.22204 0.9629790000000001 0.0501481 0 0 -10 
0.672601 -5.42676 -1.09619e-07 -4.30523 -0.0382394 0.855297 0.20840100000000003 -0.1 1.07599 -1.7282400000000002 4.81658 -1.09332 3.28986 -0.263286 -1.34018 -2.1364400000000003 0.295915 0.197777 0.07988880000000001 
70.62313916635657 4281.25 0.013105100000000001 0.022926 0.0516212 1.22204 0.967577 0.0501297 0 0 -10 
0.672629 -5.42678 -9.211889999999999e-08 -4.30545 -0.0382625 0.855283 0.20834299999999997 -0.1 1.07586 -1.72823 4.81659 -1.0935 3.28991 -0.263389 -1.3402399999999999 -2.13647 0.295927 0.19780899999999998 0.07990470000000001 
70.2639 3969.32 0.0127409 0.022603099999999997 0.051417899999999996 1.22204 0.971642 0.0501134 0 0 -10 
0.672654 -5.4268 -7.739089999999999e-08 -4.30565 -0.038282300000000005 0.8552709999999999 0.208294 -0.1 1.07575 -1.72823 4.81659 -1.09366 3.28995 -0.263477 -1.34029 -2.1364900000000002 0.295937 0.19783599999999998 0.0799184 
69.9388 3666.75 0.0124195 0.022318099999999997 0.0512385 1.22204 0.9752290000000001 0.0500991 0 0 -10 
0.672675 -5.42681 -6.49995e-08 -4.30581 -0.03829930000000001 0.855261 0.20825100000000002 -0.1 1.07566 -1.72822 4.81659 -1.0938 3.28999 -0.263552 -1.3403399999999999 -2.1365 0.29594699999999996 0.19785999999999998 0.0799302 
69.6335 3375.45 0.0121363 0.0220669 0.0510805 1.22204 0.97839 0.0500864 0 0 -10 
0.672693 -5.426830000000001 -5.45771e-08 -4.30596 -0.0383139 0.855252 0.208215 -0.1 1.07558 -1.72822 4.81659 -1.09391 3.2900199999999997 -0.263617 -1.34038 -2.13652 0.295954 0.19788 0.0799404 
69.3472 3096.93 0.011887100000000001 0.021846 0.0509415 1.22204 0.9811700000000001 0.0500753 0 0 -10 
0.672709 -5.42684 -4.5813399999999996e-08 -4.306080000000001 -0.038326400000000004 0.855245 0.208184 -0.1 1.07551 -1.72822 4.81659 -1.09401 3.2900400000000003 -0.263673 -1.34041 -2.13653 0.29596100000000003 0.197898 0.079949 
69.0787 2832.33 0.0116683 0.021652 0.0508194 1.22204 0.983612 0.0500656 0 0 -10 
0.672722 -5.42685 -3.84468e-08 -4.30618 -0.038337199999999995 0.8552379999999999 0.208157 -0.1 1.07545 -1.7282099999999998 4.81659 -1.0941 3.2900699999999996 -0.263721 -1.3404399999999999 -2.13654 0.295967 0.197913 0.0799565 
68.8272 2582.43 0.0114765 0.0214819 0.0507123 1.22204 0.9857540000000001 0.050057 0 0 -10 
0.672734 -5.42685 -3.22562e-08 -4.30627 -0.0383464 0.855232 0.208134 -0.1 1.0754 -1.7282099999999998 4.81659 -1.09417 3.29009 -0.263762 -1.34046 -2.13655 0.29597199999999996 0.197925 0.07996289999999999 
68.5917 2347.69 0.0113084 0.021332900000000002 0.0506186 1.22204 0.9876290000000001 0.050049500000000004 0 0 -10 
0.672743 -5.42686 -2.70554e-08 -4.30635 -0.0383543 0.8552280000000001 0.208114 -0.1 1.07535 -1.7282099999999998 4.8166 -1.0942399999999999 3.2901 -0.263797 -1.34048 -2.13656 0.295976 0.197936 0.0799683 
68.3714 2128.32 0.0111615 0.0212026 0.0505366 1.22204 0.9892690000000001 0.0500429 0 0 -10 
0.672752 -5.42687 -2.2687400000000002e-08 -4.30642 -0.038361 0.855224 0.20809699999999998 -0.1 1.07532 -1.7282099999999998 4.8166 -1.09429 3.2901199999999995 -0.263827 -1.3405 -2.13656 0.295979 0.197946 0.079973 
68.1653 1924.28 0.0110332 0.0210888 0.050464999999999996 1.22204 0.990701 0.0500372 0 0 -10 
0.672759 -5.42687 -1.9019900000000002e-08 -4.30647 -0.0383668 0.8552200000000001 0.208083 -0.1 1.07528 -1.7282099999999998 4.8166 -1.0943399999999999 3.2901300000000004 -0.263853 -1.34051 -2.13657 0.295982 0.197954 0.07997699999999999 
67.9727 1735.34 0.0109213 0.020989599999999997 0.050402499999999996 1.22204 0.99195 0.05003219999999999 0 0 -10 
0.672765 -5.426880000000001 -1.5941299999999997e-08 -4.30652 -0.038371800000000005 0.855217 0.20806999999999998 -0.1 1.07526 -1.7282099999999998 4.8166 -1.09437 3.29014 -0.263874 -1.34053 -2.13657 0.295985 0.197961 0.0799804 
67.7928 1561.1 0.0108238 0.020903099999999997 0.0503481 1.22204 0.9930379999999999 0.050027800000000004 0 0 -10 
0.67277 -5.426880000000001 -1.33578e-08 -4.30656 -0.038376 0.855215 0.20806 -0.1 1.07523 -1.7282099999999998 4.8166 -1.09441 3.29015 -0.263893 -1.34054 -2.13658 0.295987 0.197967 0.07998330000000001 
67.6248 1401.04 0.010739 0.020827900000000003 0.05030080000000001 1.22204 0.993985 0.0500241 0 0 -10 
0.672775 -5.426880000000001 -1.11903e-08 -4.3066 -0.0383796 0.8552120000000001 0.208051 -0.1 1.07521 -1.7282 4.8166 -1.0944399999999999 3.2901599999999998 -0.263909 -1.34055 -2.13658 0.295989 0.197972 0.07998580000000001 
67.468 1254.56 0.0106652 0.0207625 0.0502596 1.22204 0.994808 0.050020800000000004 0 0 -10 
0.672778 -5.42689 -9.372290000000001e-09 -4.30663 -0.038382599999999996 0.855211 0.20804299999999998 -0.1 1.0752 -1.7282 4.8166 -1.09446 3.2901599999999998 -0.263923 -1.34055 -2.13658 0.295991 0.19797599999999999 0.079988 
67.3217 1120.95 0.0106012 0.0207058 0.0502239 1.22204 0.9955219999999999 0.050017900000000004 0 0 -10 
0.672782 -5.42689 -7.84784e-09 -4.30666 -0.038385199999999994 0.855209 0.208037 -0.1 1.07518 -1.7282 4.8166 -1.09448 3.29017 -0.263934 -1.34056 -2.13659 0.29599200000000003 0.197979 0.0799898 
67.1853 999.487 0.0105458 0.020656599999999997 0.050192900000000006 1.22204 0.9961409999999999 0.0500154 0 0 -10 
0.672784 -5.42689 -6.5698500000000004e-09 -4.30668 -0.0383875 0.855208 0.208031 -0.1 1.0751700000000002 -1.7282 4.8166 -1.0945 3.29017 -0.263944 -1.34057 -2.13659 0.295993 0.197983 0.0799913 
67.0581 889.403 0.0104977 0.020613999999999997 0.0501661 1.22204 0.9966780000000001 0.050013300000000004 0 0 -10 
0.672787 -5.42689 -5.49874e-09 -4.3067 -0.0383894 0.8552059999999999 0.208027 -0.1 1.0751600000000001 -1.7282 4.8166 -1.0945200000000002 3.2901800000000003 -0.263953 -1.34057 -2.13659 0.295994 0.197985 0.07999260000000001 
66.9396 789.924 0.010456100000000001 0.020577099999999997 0.050142900000000004 1.22204 0.997142 0.050011400000000004 0 0 -10 
0.6727890000000001 -5.42689 -4.60124e-09 -4.30671 -0.038391 0.8552049999999999 0.208023 -0.1 1.07515 -1.7282 4.8166 -1.09453 3.2901800000000003 -0.26396 -1.3405799999999999 -2.13659 0.295995 0.197987 0.0799937 
66.8292 700.275 0.010420100000000002 0.0205452 0.0501228 1.22204 0.9975430000000001 0.0500098 0 0 -10 
0.672791 -5.42689 -3.84939e-09 -4.30673 -0.0383923 0.8552049999999999 0.208019 -0.1 1.07514 -1.7282 4.8166 -1.09454 3.2901800000000003 -0.263966 -1.3405799999999999 -2.13659 0.295996 0.197989 0.0799947 
66.7264 619.697 0.0103891 0.020517700000000003 0.0501055 1.22204 0.9978899999999999 0.0500084 0 0 -10 
0.6727920000000001 -5.42689 -3.2197e-09 -4.3067400000000005 -0.0383935 0.8552040000000001 0.20801599999999998 -0.1 1.07514 -1.7282 4.8166 -1.09455 3.29019 -0.263971 -1.3405799999999999 -2.13659 0.29599699999999995 0.197991 0.0799955 
66.6307 547.453 0.0103623 0.020493900000000002 0.0500906 1.22204 0.998189 0.050007199999999995 0 0 -10 
0.672793 -5.4269 -2.6924499999999997e-09 -4.30675 -0.0383945 0.855203 0.20801399999999998 -0.1 1.07513 -1.7282 4.8166 -1.09456 3.29019 -0.26397600000000004 -1.34059 -2.13659 0.29599699999999995 0.197992 0.0799962 
66.5415 482.834 0.010339200000000002 0.0204734 0.050077699999999996 1.22204 0.998447 0.050006199999999994 0 0 -10 
0.672794 -5.4269 -2.25107e-09 -4.30675 -0.0383953 0.855203 0.208012 -0.1 1.07513 -1.7282 4.8166 -1.09456 3.29019 -0.263979 -1.34059 -2.1366 0.295998 0.197994 0.0799968 
66.4586 425.167 0.0103193 0.0204558 0.0500666 1.22204 0.998669 0.0500053 0 0 -10 
0.672795 -5.4269 -1.88166e-09 -4.30676 -0.0383961 0.855202 0.20801 -0.1 1.07512 -1.7282 4.8166 -1.09457 3.29019 -0.263982 -1.34059 -2.1366 0.295998 0.197995 0.07999730000000001 
66.3814 373.814 0.010302200000000001 0.020440599999999996 0.050057 1.22204 0.9988600000000001 0.050004599999999996 0 0 -10 
0.672796 -5.4269 -1.5725500000000001e-09 -4.306769999999999 -0.0383967 0.855202 0.208008 -0.1 1.07512 -1.7282 4.8166 -1.09457 3.29019 -0.26398499999999997 -1.34059 -2.1366 0.295998 0.197995 0.07999769999999999 
66.3095 328.17900000000003 0.0102874 0.0204275 0.050048800000000004 1.22204 0.999024 0.0500039 0 0 -10 
0.672797 -5.4269 -1.31396e-09 -4.306769999999999 -0.0383972 0.855202 0.20800700000000003 -0.1 1.07512 -1.7282 4.8166 -1.0945799999999999 3.29019 -0.26398699999999997 -1.34059 -2.1366 0.29599899999999996 0.197996 0.079998 
66.2426 287.704 0.010274799999999999 0.0204163 0.050041699999999995 1.22204 0.999165 0.0500033 0 0 -10 
0.672797 -5.4269 -1.09767e-09 -4.306780000000001 -0.0383976 0.855201 0.208006 -0.1 1.07511 -1.7282 4.8166 -1.0945799999999999 3.29019 -0.263989 -1.34059 -2.1366 0.29599899999999996 0.197997 0.07999830000000001 
66.1804 251.875 0.0102639 0.0204067 0.050035699999999995 1.22204 0.999287 0.0500029 0 0 -10 
0.672798 -5.4269 -9.16811e-10 -4.306780000000001 -0.038398 0.855201 0.20800500000000002 -0.1 1.07511 -1.7282 4.8166 -1.0945799999999999 3.2902 -0.263991 -1.34059 -2.1366 0.29599899999999996 0.197997 0.07999860000000002 
66.1225 220.21400000000003 0.0102546 0.0203984 0.0500305 1.22204 0.999391 0.0500024 0 0 -10 
0.672798 -5.4269 -7.656019999999999e-10 -4.306780000000001 -0.0383983 0.855201 0.208004 -0.1 1.07511 -1.7282 4.8166 -1.09459 3.2902 -0.263992 -1.3406 -2.1366 0.29599899999999996 0.197998 0.07999880000000001 
66.0686 192.28599999999997 0.010246600000000002 0.020391299999999998 0.050026 1.22204 0.9994799999999999 0.050002099999999994 0 0 -10 
0.672798 -5.4269 -6.392109999999999e-10 -4.30679 -0.0383986 0.855201 0.208004 -0.1 1.07511 -1.7282 4.8166 -1.09459 3.2902 -0.263994 -1.3406 -2.1366 0.29599899999999996 0.197998 0.079999 
66.0184 167.69099999999997 0.0102398 0.0203853 0.050022199999999996 1.22204 0.999556 0.050001800000000006 0 0 -10 
0.6727989999999999 -5.4269 -5.33586e-10 -4.30679 -0.038398800000000004 0.855201 0.20800300000000002 -0.1 1.07511 -1.7282 4.8166 -1.09459 3.2902 -0.263995 -1.3406 -2.1366 0.29599899999999996 0.197998 0.07999919999999999 
65.9717 146.067 0.0102339 0.020380099999999998 0.050018900000000005 1.22204 0.9996219999999999 0.0500015 0 0 -10 
0.6727989999999999 -5.4269 -4.4533300000000003e-10 -4.30679 -0.038399 0.855201 0.20800300000000002 -0.1 1.07511 -1.7282 4.8166 -1.09459 3.2902 -0.263995 -1.3406 -2.1366 0.29599899999999996 0.197999 0.07999930000000001 
65.9281 127.083 0.0102289 0.020375599999999997 0.0500161 1.22204 0.9996780000000001 0.050001300000000005 0 0 -10 
0.6727989999999999 -5.4269 -3.71609e-10 -4.30679 -0.0383991 0.855201 0.208002 -0.1 1.0751 -1.7282 4.8166 -1.09459 3.2902 -0.263996 -1.3406 -2.1366 0.29600000000000004 0.197999 0.0799994 
65.8876 110.44200000000001 0.0102246 0.0203718 0.050013699999999994 1.22204 0.999725 0.0500011 0 0 -10 
0.6727989999999999 -5.4269 -3.10034e-10 -4.30679 -0.038399300000000004 0.8552 0.208002 -0.1 1.0751 -1.7282 4.8166 -1.09459 3.2902 -0.263997 -1.3406 -2.1366 0.29600000000000004 0.197999 0.0799995 
65.8498 95.8748 0.0102209 0.020368599999999997 0.0500117 1.22204 0.9997659999999999 0.0500009 0 0 -10 
0.6727989999999999 -5.4269 -2.58617e-10 -4.30679 -0.0383994 0.8552 0.208002 -0.1 1.0751 -1.7282 4.8166 -1.0946 3.2902 -0.263997 -1.3406 -2.1366 0.29600000000000004 0.197999 0.0799996 
65.8145 83.1414 0.010217799999999999 0.0203658 0.050009899999999996 1.22204 0.999801 0.050000800000000005 0 0 -10 
0.6727989999999999 -5.4269 -2.1568900000000002e-10 -4.30679 -0.0383995 0.8552 0.20800100000000002 -0.1 1.0751 -1.7282 4.8166 -1.0946 3.2902 -0.263998 -1.3406 -2.1366 0.29600000000000004 0.197999 0.0799996 
65.7816 72.0252 0.0102152 0.0203634 0.0500085 1.22204 0.9998309999999999 0.050000699999999995 0 0 -10 
0.6727989999999999 -5.4269 -1.7985499999999997e-10 -4.3068 -0.0383996 0.8552 0.20800100000000002 -0.1 1.0751 -1.7282 4.8166 -1.0946 3.2902 -0.263998 -1.3406 -2.1366 0.29600000000000004 0.197999 0.07999969999999999 
65.7509 62.3333 0.010212899999999999 0.0203614 0.050007199999999995 1.22204 0.999856 0.0500006 0 0 -10 
0.6728 -5.4269 -1.4994999999999998e-10 -4.3068 -0.0383996 0.8552 0.20800100000000002 -0.1 1.0751 -1.7282 4.8166 -1.0946 3.2902 -0.263998 -1.3406 -2.1366 0.29600000000000004 0.197999 0.07999969999999999 
65.7222 53.8935 0.0102109 0.0203597 0.0500061 1.22204 0.999878 0.050000499999999996 0 0 -10 
0.6728 -5.4269 -1.24995e-10 -4.3068 -0.038399699999999995 0.8552 0.20800100000000002 -0.1 1.0751 -1.7282 4.8166 -1.0946 3.2902 -0.263999 -1.3406 -2.1366 0.29600000000000004 0.198 0.07999980000000001 
65.6953 46.5527 0.0102093 0.0203582 0.0500052 1.22204 0.9998959999999999 0.0500004 0 0 -10 
0.6728 -5.4269 -1.04177e-10 -4.3068 -0.038399699999999995 0.8552 0.20800100000000002 -0.1 1.0751 -1.7282 4.8166 -1.0946 3.2902 -0.263999 -1.3406 -2.1366 0.29600000000000004 0.198 0.07999980000000001 
65.6702 40.1753 0.010207899999999999 0.020357 0.050004400000000004 1.22204 0.9999120000000001 0.0500004 0 0 -10 
0.6728 -5.4269 -8.68115e-11 -4.3068 -0.038399800000000005 0.8552 0.20800100000000002 -0.1 1.0751 -1.7282 4.8166 -1.0946 3.2902 -0.263999 -1.3406 -2.1366 0.29600000000000004 0.198 0.07999980000000001 
65.6466 34.6409 0.0102067 0.020355900000000003 0.0500037 1.22204 0.999925 0.050000300000000004 0 0 -10 
0.6728 -5.4269 -7.23291e-11 -4.3068 -0.038399800000000005 0.8552 0.20800000000000002 -0.1 1.0751 -1.7282 4.8166 -1.0946 3.2902 -0.263999 -1.3406 -2.1366 0.29600000000000004 0.198 0.07999989999999998 
65.6246 29.8432 0.0102057 0.020355 0.0500032 1.22204 0.9999370000000001 0.050000300000000004 0 0 -10 
0.6728 -5.4269 -6.02531e-11 -4.3068 -0.038399800000000005 0.8552 0.20800000000000002 -0.1 1.0751 -1.7282 4.8166 -1.0946 3.2902 -0.263999 -1.3406 -2.1366 0.29600000000000004 0.198 0.07999989999999998 
65.6038 25.6885 0.010204799999999998 0.020354300000000002 0.0500027 1.22204 0.9999459999999999 0.050000199999999995 0 0 -10 
0.6728 -5.4269 -5.01854e-11 -4.3068 -0.0383999 0.8552 0.20800000000000002 -0.1 1.0751 -1.7282 4.8166 -1.0946 3.2902 -0.263999 -1.3406 -2.1366 0.29600000000000004 0.198 0.07999989999999998 
65.5844 22.0943 0.010204099999999999 0.020353599999999996 0.0500023 1.22204 0.9999549999999999 0.050000199999999995 0 0 -10 
0.6728 -5.4269 -4.17935e-11 -4.3068 -0.0383999 0.8552 0.20800000000000002 -0.1 1.0751 -1.7282 4.8166 -1.0946 3.2902 -0.264 -1.3406 -2.1366 0.29600000000000004 0.198 0.07999989999999998 
65.566 18.9879 0.0102034 0.0203531 0.0500019 1.22204 0.9999620000000001 0.050000199999999995 0 0 -10 
0.6728 -5.4269 -3.47994e-11 -4.3068 -0.0383999 0.8552 0.20800000000000002 -0.1 1.0751 -1.7282 4.8166 -1.0946 3.2902 -0.264 -1.3406 -2.1366 0.29600000000000004 0.198 0.07999989999999998 
65.5487 16.3057 0.010202899999999999 0.0203526 0.05000159999999999 1.22204 0.999967 0.0500001 0 0 -10 
0.6728 -5.4269 -2.89714e-11 -4.3068 -0.0383999 0.8552 0.20800000000000002 -0.1 1.0751 -1.7282 4.8166 -1.0946 3.2902 -0.264 -1.3406 -2.1366 0.29600000000000004 0.198 0.07999989999999998 
65.5324 13.9919 0.0102025 0.0203522 0.0500014 1.22204 0.999972 0.0500001 0 0 -10 
0.6728 -5.4269 -2.41158e-11 -4.3068 -0.0383999 0.8552 0.20800000000000002 -0.1 1.0751 -1.7282 4.8166 -1.0946 3.2902 -0.264 -1.3406 -2.1366 0.29600000000000004 0.198 0.08 
65.517 11.9977 0.0102021 0.0203519 0.050001199999999996 1.22204 0.999977 0.0500001 0 0 -10 
0.6728 -5.4269 -2.00711e-11 -4.3068 -0.0383999 0.8552 0.20800000000000002 -0.1 1.0751 -1.7282 4.8166 -1.0946 3.2902 -0.264 -1.3406 -2.1366 0.29600000000000004 0.198 0.08 
