# The first two lines (below the comment lines) indicate the name of the vocal fold model and the number of states.
# The following lines contain the control parameters of the vocal folds and the vocal tract (states)
# in steps of 110 audio samples (corresponding to about 2.5 ms for the sampling rate of 44100 Hz).
# For every step, there is one line with the vocal fold parameters followed by
# one line with the vocal tract parameters.
#
Geometric glottis
311
89.8845 0 0.0998 0.0998 0.1 1.22204 0 0.054 0 25 -10 
0.1076 -3.5838 0 -3.1552 0.0718 0.9937 0.8 -0.1 0.3087 -0.8529 4.0864 -1.126 2.6755 0.4215 -2.2342 -2.7735 0.2064 0 0 
89.8845 0.125994 0.0998 0.0998 0.1 1.22204 0 0.054 0 25 -10 
0.1076 -3.5838 0 -3.1552 0.0718 0.9937 0.8 -0.1 0.3087 -0.8529 4.0864 -1.126 2.6755 0.4215 -2.2342 -2.7735 0.2064 0 0 
89.8845 11.2398 0.0998 0.0998 0.1 1.22204 0 0.054 0 25 -10 
0.1076 -3.5838 0 -3.1552 0.0718 0.9937 0.8 -0.1 0.3087 -0.8529 4.0864 -1.126 2.6755 0.4215 -2.2342 -2.7735 0.2064 0 0 
89.8845 84.8008 0.0998 0.0998 0.1 1.22204 0 0.054 0 25 -10 
0.1076 -3.5838 0 -3.1552 0.0718 0.9937 0.8 -0.1 0.3087 -0.8529 4.0864 -1.126 2.6755 0.4215 -2.2342 -2.7735 0.2064 0 0 
89.8845 289.385 0.0998 0.0998 0.1 1.22204 0 0.054 0 25 -10 
0.1076 -3.5838 0 -3.1552 0.0718 0.9937 0.8 -0.1 0.3087 -0.8529 4.0864 -1.126 2.6755 0.4215 -2.2342 -2.7735 0.2064 0 0 
89.8845 665.712 0.0998 0.0998 0.1 1.22204 0 0.054 0 25 -10 
0.1076 -3.5838 0 -3.1552 0.0718 0.9937 0.8 -0.1 0.3087 -0.8529 4.0864 -1.126 2.6755 0.4215 -2.2342 -2.7735 0.2064 0 0 
89.8845 1211.13 0.0998 0.0998 0.1 1.22204 0 0.054 0 25 -10 
0.1076 -3.5838 0 -3.1552 0.0718 0.9937 0.8 -0.1 0.3087 -0.8529 4.0864 -1.126 2.6755 0.4215 -2.2342 -2.7735 0.2064 0 0 
89.8845 1888.47 0.0998 0.0998 0.1 1.22204 0 0.054 0 25 -10 
0.1076 -3.5838 0 -3.1552 0.0718 0.9937 0.8 -0.1 0.3087 -0.8529 4.0864 -1.126 2.6755 0.4215 -2.2342 -2.7735 0.2064 0 0 
89.8845 2643.5 0.0998 0.0998 0.1 1.22204 0 0.054 0 25 -10 
0.1076 -3.5838 0 -3.1552 0.0718 0.9937 0.8 -0.1 0.3087 -0.8529 4.0864 -1.126 2.6755 0.4215 -2.2342 -2.7735 0.2064 0 0 
89.8845 3420.59 0.0998 0.0998 0.1 1.22204 0 0.054 0 25 -10 
0.1076 -3.5838 0 -3.1552 0.0718 0.9937 0.8 -0.1 0.3087 -0.8529 4.0864 -1.126 2.6755 0.4215 -2.2342 -2.7735 0.2064 0 0 
89.8845 4172.85 0.0998 0.0998 0.1 1.22204 0 0.054 0 25 -10 
0.1076 -3.5838 0 -3.1552 0.0718 0.9937 0.8 -0.1 0.3087 -0.8529 4.0864 -1.126 2.6755 0.4215 -2.2342 -2.7735 0.2064 0 0 
89.8845 4866.55 0.0998 0.0998 0.1 1.22204 0 0.054 0 25 -10 
0.1076 -3.5838 0 -3.1552 0.0718 0.9937 0.8 -0.1 0.3087 -0.8529 4.0864 -1.126 2.6755 0.4215 -2.2342 -2.7735 0.2064 0 0 
89.8845 5481.53 0.0998 0.0998 0.1 1.22204 0 0.054 0 25 -10 
0.1076 -3.5838 0 -3.1552 0.0718 0.9937 0.8 -0.1 0.3087 -0.8529 4.0864 -1.126 2.6755 0.4215 -2.2342 -2.7735 0.2064 0 0 
89.8845 6009.25 0.0998 0.0998 0.1 1.22204 0 0.054 0 25 -10 
0.1076 -3.5838 0 -3.1552 0.0718 0.9937 0.8 -0.1 0.3087 -0.8529 4.0864 -1.126 2.6755 0.4215 -2.2342 -2.7735 0.2064 0 0 
89.8845 6449.82 0.0998 0.0998 0.1 1.22204 0 0.054 0 25 -10 
0.1076 -3.5838 0 -3.1552 0.0718 0.9937 0.8 -0.1 0.3087 -0.8529 4.0864 -1.126 2.6755 0.4215 -2.2342 -2.7735 0.2064 0 0 
89.8845 6809.12 0.0998 0.0998 0.1 1.22204 0 0.054 0 25 -10 
0.1076 -3.5838 0 -3.1552 0.0718 0.9937 0.8 -0.1 0.3087 -0.8529 4.0864 -1.126 2.6755 0.4215 -2.2342 -2.7735 0.2064 0 0 
89.8845 7096.29 0.0998 0.0998 0.1 1.22204 0 0.054 0 25 -10 
0.1076 -3.5838 0 -3.1552 0.0718 0.9937 0.8 -0.1 0.3087 -0.8529 4.0864 -1.126 2.6755 0.4215 -2.2342 -2.7735 0.2064 0 0 
89.8845 7321.8 0.0998 0.0998 0.1 1.22204 0 0.054 0 25 -10 
0.1076 -3.5838 0 -3.1552 0.0718 0.9937 0.8 -0.1 0.3087 -0.8529 4.0864 -1.126 2.6755 0.4215 -2.2342 -2.7735 0.2064 0 0 
89.8845 7496.17 0.0998 0.0998 0.1 1.22204 0 0.054 0 25 -10 
0.1076 -3.5838 0 -3.1552 0.0718 0.9937 0.8 -0.1 0.3087 -0.8529 4.0864 -1.126 2.6755 0.4215 -2.2342 -2.7735 0.2064 0 0 
89.8845 7629.15 0.0998 0.0998 0.1 1.22204 0 0.054 0 25 -10 
0.1076 -3.5838 0 -3.1552 0.0718 0.9937 0.8 -0.1 0.3087 -0.8529 4.0864 -1.126 2.6755 0.4215 -2.2342 -2.7735 0.2064 0 0 
89.8845 7729.34 0.0998 0.0998 0.1 1.22204 0 0.054 0 25 -10 
0.1076 -3.5838 0 -3.1552 0.0718 0.9937 0.8 -0.1 0.3087 -0.8529 4.0864 -1.126 2.6755 0.4215 -2.2342 -2.7735 0.2064 0 0 
89.8845 7804 0.0998 0.0998 0.1 1.22204 0 0.054 0 25 -10 
0.1076 -3.5838 0 -3.1552 0.0718 0.9937 0.8 -0.1 0.3087 -0.8529 4.0864 -1.126 2.6755 0.4215 -2.2342 -2.7735 0.2064 0 0 
89.8845 7859.07 0.0998 0.0998 0.1 1.22204 0 0.054 0 25 -10 
0.1076 -3.5838 0 -3.1552 0.0718 0.9937 0.8 -0.1 0.3087 -0.8529 4.0864 -1.126 2.6755 0.4215 -2.2342 -2.7735 0.2064 0 0 
89.8845 7899.35 0.0998 0.0998 0.1 1.22204 0 0.054 0 25 -10 
0.1076 -3.5838 0 -3.1552 0.0718 0.9937 0.8 -0.1 0.3087 -0.852903 4.0864 -1.126 2.6755 0.421497 -2.2342 -2.7735 0.2064 1.00109e-07 3.87922e-07 
89.8845 7928.55 0.0998 0.0998 0.1 1.22204 0 0.054 0 25 -10 
0.107604 -3.58382 0 -3.15527 0.0718 0.9937 0.8 -0.1 0.308689 -0.852969 4.08641 -1.12604 2.67549 0.421423 -2.23424 -2.77351 0.2064 2.6958e-06 1.04462e-05 
89.8845 7949.57 0.0998 0.0998 0.1 1.22204 0 0.054 0 25 -10 
0.107627 -3.58396 0 -3.15565 0.0718 0.9937 0.8 -0.1 0.308629 -0.853342 4.08647 -1.12626 2.67544 0.421005 -2.23447 -2.77356 0.2064 1.73306e-05 6.7156e-05 
89.8845 7964.6 0.0998 0.0998 0.1 1.22204 0 0.054 0 25 -10 
0.107695 -3.58437 0 -3.1568 0.0718 0.9937 0.8 -0.1 0.308448 -0.854481 4.08666 -1.12692 2.6753 0.419731 -2.23517 -2.77371 0.2064 6.19418e-05 0.000240025 
89.8845 7975.27 0.0998 0.0998 0.1 1.22204 0 0.054 0 25 -10 
0.107847 -3.58528 0 -3.15935 0.0718 0.9937 0.8 -0.1 0.308047 -0.856995 4.08707 -1.12837 2.67497 0.41692 -2.23672 -2.77404 0.2064 0.00016039 0.000621511 
89.8845 7982.8 0.0998 0.0998 0.1 1.22204 0 0.054 0 25 -10 
0.108121 -3.58693 0 -3.16397 0.0718 0.9937 0.8 -0.1 0.307321 -0.861548 4.08782 -1.13101 2.67438 0.411828 -2.23952 -2.77465 0.2064 0.000338706 0.00131249 
89.8844 7988.09 0.0998 0.0998 0.1 1.22204 0 0.054 0 25 -10 
0.108557 -3.58955 0 -3.1713 0.0718 0.9937 0.8 -0.1 0.30617 -0.868768 4.08901 -1.13519 2.67345 0.403753 -2.24396 -2.7756 0.2064 0.000621517 0.00240838 
89.8841 7991.79 0.0998 0.0998 0.1 1.22204 0 0.054 0 25 -10 
0.109184 -3.59333 0 -3.18186 0.0718 0.9937 0.8 -0.1 0.30451 -0.879179 4.09072 -1.14122 2.6721 0.392109 -2.25036 -2.77698 0.2064 0.00102929 0.0039885 
89.8834 7994.36 0.0998 0.0998 0.1 1.22204 0 0.054 0 25 -10 
0.110026 -3.59839 0 -3.19604 0.0718 0.9937 0.8 -0.1 0.302283 -0.893153 4.09301 -1.14932 2.6703 0.376481 -2.25895 -2.77883 0.2064 0.0015766 0.00610932 
89.8821 7996.14 0.0998 0.0998 0.1 1.22204 0 0.054 0 25 -10 
0.111096 -3.60482 0 -3.21403 0.0718 0.9937 0.8 -0.1 0.299455 -0.91089 4.09592 -1.1596 2.66801 0.356643 -2.26986 -2.78118 0.2064 0.00227133 0.0088014 
89.8797 7997.37 0.0998 0.0998 0.1 1.22204 0 0.054 0 25 -10 
0.112394 -3.61263 0 -3.23587 0.0718 0.9937 0.8 -0.1 0.296022 -0.932421 4.09946 -1.17207 2.66522 0.332562 -2.2831 -2.78404 0.2064 0.00311467 0.0120693 
89.8759 7998.21 0.0998 0.0998 0.1 1.22204 0 0.054 0 25 -10 
0.113913 -3.62176 0 -3.26144 0.0718 0.9937 0.8 -0.1 0.292005 -0.957621 4.1036 -1.18667 2.66197 0.304378 -2.2986 -2.78738 0.2064 0.00410166 0.0158939 
89.8703 7998.79 0.0998 0.0998 0.1 1.22204 0 0.054 0 25 -10 
0.115637 -3.63213 0 -3.29046 0.0718 0.9937 0.8 -0.1 0.287444 -0.986227 4.10829 -1.20324 2.65827 0.272384 -2.31619 -2.79117 0.2064 0.00522211 0.0202357 
89.8624 7999.18 0.0998 0.0998 0.1 1.22204 0 0.054 0 25 -10 
0.117545 -3.6436 0 -3.32256 0.0718 0.9937 0.8 -0.1 0.282399 -1.01787 4.11349 -1.22158 2.65418 0.236989 -2.33565 -2.79536 0.2064 0.00646168 0.025039 
89.8519 7999.45 0.0998 0.0998 0.1 1.22204 0 0.054 0 25 -10 
0.119609 -3.65602 0 -3.35731 0.0718 0.9937 0.8 -0.1 0.276939 -1.05212 4.11912 -1.24142 2.64975 0.198686 -2.35671 -2.7999 0.2064 0.00780305 0.0302368 
89.8383 7999.63 0.0998 0.0998 0.1 1.22204 0 0.054 0 25 -10 
0.121801 -3.6692 0 -3.39419 0.0718 0.9937 0.8 -0.1 0.271143 -1.08848 4.12509 -1.26248 2.64506 0.158024 -2.37907 -2.80471 0.2064 0.00922705 0.0357548 
89.8215 7999.75 0.0998 0.0998 0.1 1.22204 0 0.054 0 25 -10 
0.124089 -3.68296 0 -3.43269 0.0718 0.9937 0.8 -0.1 0.265092 -1.12643 4.13132 -1.28447 2.64015 0.115575 -2.40241 -2.80974 0.2064 0.0107137 0.0415154 
89.8009 7999.83 0.0998 0.0998 0.1 1.22204 0 0.054 0 25 -10 
0.126442 -3.69711 0 -3.4723 0.0718 0.9937 0.8 -0.1 0.258868 -1.16547 4.13773 -1.30709 2.63511 0.07191 -2.42642 -2.81492 0.2064 0.0122428 0.0474409 
89.7766 7999.89 0.0998 0.0998 0.1 1.22204 0 0.054 0 25 -10 
0.128832 -3.71148 0 -3.51251 0.0718 0.9937 0.8 -0.1 0.252549 -1.20511 4.14424 -1.33005 2.62998 0.0275808 -2.45079 -2.82017 0.2064 0.0137953 0.0534566 
89.7481 7999.93 0.0998 0.0998 0.1 1.22204 0 0.054 0 25 -10 
0.131229 -3.72589 0 -3.55286 0.0718 0.9937 0.8 -0.1 0.246209 -1.24488 4.15077 -1.35309 2.62484 -0.0168967 -2.47525 -2.82544 0.2064 0.0153529 0.0594924 
89.7155 7999.95 0.0998 0.0998 0.1 1.22204 0 0.054 0 25 -10 
0.133609 -3.74021 0 -3.59291 0.0718 0.9937 0.8 -0.1 0.239915 -1.28436 4.15725 -1.37597 2.61974 -0.0610532 -2.49953 -2.83067 0.2064 0.0168993 0.0654847 
89.6786 7999.97 0.0998 0.0998 0.1 1.22204 0 0.054 0 25 -10 
0.135949 -3.75428 0 -3.63229 0.0718 0.9937 0.8 -0.1 0.233725 -1.32318 4.16363 -1.39846 2.61472 -0.104474 -2.5234 -2.83581 0.2064 0.0184199 0.071377 
89.6375 7999.98 0.0998 0.0998 0.1 1.22204 8.41525e-08 0.054 0 25 -10 
0.138231 -3.768 0 -3.67069 0.0718 0.9937 0.8 -0.1 0.227692 -1.36103 4.16984 -1.42039 2.60983 -0.146801 -2.54667 -2.84083 0.2064 0.0199022 0.0771209 
89.5921 7999.99 0.0997985 0.0997986 0.0999991 1.22204 1.71714e-05 0.0539999 0 25 -10 
0.140437 -3.78127 0 -3.70782 0.0718 0.9937 0.8 -0.1 0.221857 -1.39763 4.17585 -1.44159 2.6051 -0.187735 -2.56918 -2.84567 0.2064 0.0213357 0.0826759 
89.5426 7999.99 0.0997832 0.0997851 0.0999906 1.22204 0.000187428 0.0539993 0 25 -10 
0.142555 -3.794 0 -3.74347 0.0718 0.9937 0.8 -0.1 0.216255 -1.43277 4.18162 -1.46195 2.60056 -0.227035 -2.59079 -2.85033 0.2064 0.022712 0.0880092 
89.489 7999.99 0.0997229 0.0997316 0.099957 1.22204 0.000860883 0.0539966 0 25 -10 
0.144575 -3.80615 0 -3.77746 0.0718 0.9937 0.8 -0.1 0.210912 -1.46628 4.18713 -1.48136 2.59623 -0.264516 -2.6114 -2.85477 0.2064 0.0240246 0.0930954 
89.4316 8000 0.0995685 0.0995948 0.0998708 1.22204 0.0025832 0.0539897 0 25 -10 
0.14649 -3.81767 0 -3.80969 0.0718 0.9937 0.8 -0.1 0.205849 -1.49804 4.19234 -1.49977 2.59213 -0.300039 -2.63093 -2.85898 0.2064 0.0252687 0.0979161 
89.3705 8000 0.0992614 0.0993224 0.0996994 1.22204 0.0060113 0.053976 0 25 -10 
0.148294 -3.82852 0 -3.84005 0.0718 0.9937 0.8 -0.1 0.201077 -1.52797 4.19726 -1.51711 2.58826 -0.333517 -2.64934 -2.86295 0.2064 0.0264411 0.102459 
89.3059 8000 0.0987414 0.0988613 0.0994092 1.22204 0.0118152 0.0539527 0 25 -10 
0.149986 -3.83869 0 -3.86852 0.0718 0.9937 0.8 -0.1 0.196603 -1.55603 4.20187 -1.53336 2.58463 -0.364899 -2.66659 -2.86666 0.2064 0.0275401 0.106718 
89.238 8000 0.0979548 0.0981638 0.0989703 1.22204 0.0205935 0.0539176 0 25 -10 
0.151564 -3.84818 0 -3.89507 0.0718 0.9937 0.8 -0.1 0.192431 -1.58221 4.20617 -1.54853 2.58125 -0.394171 -2.68269 -2.87013 0.2064 0.0285652 0.11069 
89.1672 8000 0.0968599 0.097193 0.0983593 1.22204 0.0328135 0.0538687 0 25 -10 
0.153029 -3.85699 0 -3.91972 0.0718 0.9937 0.8 -0.1 0.188556 -1.60651 4.21016 -1.56261 2.57811 -0.42135 -2.69763 -2.87335 0.2064 0.029517 0.114379 
89.0935 8000 0.0954295 0.0959246 0.0975611 1.22204 0.0487777 0.0538049 0 25 -10 
0.154383 -3.86513 0 -3.94251 0.0718 0.9937 0.8 -0.1 0.184975 -1.62897 4.21385 -1.57562 2.57521 -0.446476 -2.71145 -2.87633 0.2064 0.030397 0.117788 
89.0174 8000 0.0936523 0.0943488 0.0965694 1.22204 0.0686123 0.0537256 0 25 -10 
0.15563 -3.87263 0 -3.9635 0.0718 0.9937 0.8 -0.1 0.181677 -1.64966 4.21724 -1.58761 2.57253 -0.469611 -2.72417 -2.87907 0.2064 0.0312072 0.120928 
88.939 8000 0.0915322 0.0924688 0.0953863 1.22204 0.0922743 0.0536309 0 25 -10 
0.156774 -3.87951 0 -3.98275 0.0718 0.9937 0.8 -0.1 0.178652 -1.66863 4.22036 -1.5986 2.57008 -0.490832 -2.73584 -2.88158 0.2064 0.0319503 0.123808 
88.8587 8000 0.0890865 0.0903001 0.0940215 1.22204 0.119571 0.0535217 0 25 -10 
0.157819 -3.88579 0 -4.00034 0.0718 0.9937 0.8 -0.1 0.175887 -1.68597 4.22321 -1.60865 2.56784 -0.510227 -2.7465 -2.88388 0.2064 0.0326296 0.12644 
88.7765 8000 0.0863435 0.0878679 0.0924908 1.22204 0.150184 0.0533993 0 25 -10 
0.158771 -3.89152 0 -4.01637 0.0718 0.9937 0.8 -0.1 0.173369 -1.70177 4.2258 -1.6178 2.5658 -0.527895 -2.75622 -2.88597 0.2064 0.0332483 0.128837 
88.6929 8000 0.0833401 0.0852047 0.0908148 1.22204 0.183704 0.0532652 0 25 -10 
0.159636 -3.89672 0 -4.03092 0.0718 0.9937 0.8 -0.1 0.171082 -1.71611 4.22816 -1.62611 2.56394 -0.543937 -2.76504 -2.88787 0.2064 0.0338101 0.131014 
88.6081 8000 0.0801189 0.0823484 0.0890173 1.22204 0.219655 0.0531214 0 25 -10 
0.160419 -3.90143 0 -4.04409 0.0718 0.9937 0.8 -0.1 0.169012 -1.7291 4.23029 -1.63363 2.56227 -0.558459 -2.77302 -2.88959 0.2064 0.0343187 0.132985 
88.5222 8000 0.0767258 0.0793397 0.0871238 1.22204 0.257524 0.0529699 0 25 -10 
0.161125 -3.90568 0 -4.05598 0.0718 0.9937 0.8 -0.1 0.167144 -1.74082 4.23221 -1.64042 2.56075 -0.571568 -2.78023 -2.89115 0.2064 0.0347778 0.134764 
88.4354 8000 0.0732077 0.0762201 0.0851606 1.22204 0.296789 0.0528128 0 25 -10 
0.161761 -3.9095 0 -4.06668 0.0718 0.9937 0.8 -0.1 0.165461 -1.75137 4.23395 -1.64653 2.55939 -0.583369 -2.78672 -2.89254 0.2064 0.035191 0.136365 
88.3481 8000 0.0696108 0.0730306 0.0831533 1.22204 0.336933 0.0526523 0 25 -10 
0.162332 -3.91294 0 -4.0763 0.0718 0.9937 0.8 -0.1 0.163951 -1.76085 4.2355 -1.65202 2.55816 -0.593966 -2.79254 -2.8938 0.2064 0.0355622 0.137803 
88.2603 8000 0.0659788 0.0698101 0.0811266 1.22204 0.377469 0.0524901 0 25 -10 
0.162844 -3.91601 0 -4.08491 0.0718001 0.993699 0.8 -0.1 0.162597 -1.76933 4.2369 -1.65694 2.55707 -0.603457 -2.79776 -2.89493 0.2064 0.0358945 0.139093 
88.1723 8000 0.0623524 0.0665945 0.0791029 1.22204 0.417943 0.0523282 0 25 -10 
0.163299 -3.9188 0 -4.09257 0.0718031 0.99366 0.800012 -0.1 0.161375 -1.77693 4.23817 -1.66125 2.55606 -0.611897 -2.8024 -2.89594 0.206387 0.0361904 0.140295 
88.0842 8000 0.0587678 0.063416 0.0771026 1.22204 0.457948 0.0521682 0 25 -10 
0.163692 -3.92148 0 -4.09923 0.0718207 0.993435 0.800081 -0.1 0.160223 -1.78375 4.23945 -1.6647 2.55501 -0.619213 -2.80643 -2.8969 0.206316 0.0364482 0.141616 
87.9961 8000 0.0552571 0.0603029 0.0751434 1.22204 0.497131 0.0520115 0 25 -10 
0.16401 -3.92437 0 -4.10472 0.0718753 0.992736 0.800296 -0.1 0.159031 -1.78995 4.24097 -1.66674 2.5537 -0.62517 -2.80972 -2.89789 0.206094 0.036662 0.143444 
87.9082 8000 0.0518471 0.0572793 0.0732406 1.22204 0.535189 0.0518592 0 25 -10 
0.164233 -3.92788 0 -4.10877 0.0719978 0.991169 0.800779 -0.1 0.15766 -1.7957 4.24303 -1.66659 2.55181 -0.629414 -2.81209 -2.89903 0.205597 0.0368221 0.146307 
87.8206 8000 0.0485603 0.0543648 0.0714064 1.22204 0.571872 0.0517125 0 25 -10 
0.164335 -3.9325 0 -4.11107 0.0722223 0.988296 0.801662 -0.1 0.155951 -1.80119 4.24599 -1.66338 2.549 -0.631535 -2.81331 -2.90045 0.204684 0.0369175 0.150787 
87.7334 8000 0.0454142 0.0515751 0.0696508 1.22204 0.606984 0.0515721 0 25 -10 
0.164295 -3.93866 0 -4.11129 0.0725816 0.983698 0.803077 -0.1 0.153758 -1.80658 4.25016 -1.65627 2.54495 -0.631138 -2.81318 -2.90227 0.203224 0.0369372 0.157445 
87.6466 8000 0.0424223 0.0489222 0.0679812 1.22204 0.640376 0.0514385 0 25 -10 
0.164093 -3.94673 0 -4.10921 0.0731035 0.977019 0.805132 -0.1 0.150952 -1.81202 4.25583 -1.64457 2.53936 -0.627893 -2.81153 -2.9046 0.201104 0.0368726 0.166751 
87.5605 8000 0.0395941 0.0464143 0.066403 1.22204 0.671942 0.0513122 0 25 -10 
0.163715 -3.95701 0 -4.10463 0.0738081 0.968002 0.807906 -0.1 0.14744 -1.81763 4.2632 -1.62777 2.53205 -0.621574 -2.80824 -2.90752 0.198241 0.0367174 0.179051 
87.4749 8000 0.0369374 0.0440582 0.0649221 1.22204 0.701619 0.0511933 0 25 -10 
0.163156 -3.96965 0 -4.09748 0.0747066 0.956503 0.811443 -0.1 0.143167 -1.8235 4.27238 -1.60559 2.52289 -0.612073 -2.80324 -2.91107 0.19459 0.0364689 0.194544 
87.3901 8000 0.0344639 0.041863 0.0635512 1.22204 0.729375 0.0510813 0 25 -10 
0.162415 -3.9847 0 -4.08778 0.0758018 0.942488 0.815755 -0.1 0.138115 -1.82968 4.28342 -1.578 2.51185 -0.599402 -2.79656 -2.91527 0.190141 0.036128 0.213276 
87.306 8000 0.0321913 0.0398419 0.0623124 1.22204 0.755212 0.0509748 0 25 -10 
0.161501 -4.0021 0 -4.07564 0.0770877 0.926032 0.820818 -0.1 0.132302 -1.83619 4.29625 -1.54517 2.49899 -0.583687 -2.78825 -2.9201 0.184916 0.0356982 0.235159 
87.2227 8000 0.0301412 0.0380106 0.0612346 1.22204 0.779154 0.0508719 0 25 -10 
0.160424 -4.0217 0 -4.06122 0.0785517 0.907297 0.826581 -0.1 0.125777 -1.84301 4.31076 -1.50745 2.48442 -0.565147 -2.77843 -2.92552 0.178968 0.0351863 0.259983 
87.1402 8000 0.0283365 0.0363856 0.0603489 1.22204 0.801247 0.0507703 0 25 -10 
0.159203 -4.04327 0 -4.04476 0.0801752 0.88652 0.832973 -0.1 0.118613 -1.85013 4.32679 -1.46536 2.46832 -0.544077 -2.76726 -2.93147 0.172371 0.0346007 0.287445 
87.0586 8000 0.0267972 0.0349812 0.0596847 1.22204 0.821555 0.050668 0 25 -10 
0.157858 -4.06653 0 -4.02656 0.081936 0.863988 0.839905 -0.1 0.1109 -1.85749 4.3441 -1.41951 2.4509 -0.520828 -2.75493 -2.93788 0.165218 0.0339517 0.317173 
86.9777 8000 0.0255384 0.0338075 0.0592656 1.22204 0.840152 0.050563 0 25 -10 
0.15641 -4.09117 0 -4.00691 0.0838087 0.840022 0.847278 -0.1 0.102743 -1.86504 4.36247 -1.37057 2.43242 -0.495784 -2.74164 -2.94465 0.157609 0.0332503 0.348748 
86.8978 8000 0.0245685 0.0328697 0.0591071 1.22204 0.857123 0.0504537 0 25 -10 
0.154882 -4.11686 0 -3.98613 0.085767 0.814961 0.854988 -0.1 0.0942478 -1.8727 4.38165 -1.31927 2.41312 -0.469342 -2.7276 -2.95171 0.149652 0.0325081 0.381732 
86.8187 8000 0.0238883 0.0321674 0.0592162 1.22204 0.87256 0.0503391 0 25 -10 
0.153297 -4.14325 0 -3.96455 0.0877844 0.789144 0.862931 -0.1 0.0855253 -1.88042 4.40137 -1.26632 2.39326 -0.441902 -2.71303 -2.95896 0.141455 0.0317363 0.415685 
86.7404 8000 0.0234914 0.0316945 0.0595907 1.22204 0.886558 0.0502187 0 25 -10 
0.151677 -4.17003 0 -3.94246 0.0898352 0.762899 0.871005 -0.1 0.0766814 -1.88812 4.4214 -1.21241 2.37309 -0.413845 -2.69813 -2.96631 0.133123 0.0309462 0.450178 
86.6631 8000 0.0233648 0.0314401 0.0602202 1.22204 0.899214 0.0500923 0 25 -10 
0.150042 -4.19689 0 -3.92015 0.0918954 0.736534 0.879116 -0.1 0.0678156 -1.89574 4.4415 -1.15818 2.35284 -0.385531 -2.68309 -2.97367 0.124752 0.0301479 0.484811 
86.5865 8000 0.0234898 0.031389 0.0610874 1.22204 0.910624 0.0499604 0 25 -10 
0.148412 -4.22356 0 -3.89788 0.093943 0.710331 0.887177 -0.1 0.0590191 -1.90321 4.46146 -1.10423 2.33273 -0.357285 -2.66808 -2.98098 0.116433 0.0293508 0.519217 
86.5108 8000 0.0238434 0.031523 0.0621696 1.22204 0.920884 0.0498236 0 25 -10 
0.146803 -4.24977 0 -3.87589 0.0959585 0.684538 0.895112 -0.1 0.0503726 -1.9105 4.48109 -1.05109 2.31294 -0.329398 -2.65326 -2.98816 0.108244 0.0285632 0.553072 
86.4359 8000 0.0243999 0.0318216 0.0634401 1.22204 0.930086 0.049683 0 25 -10 
0.14523 -4.27533 0 -3.85437 0.0979249 0.659373 0.902854 -0.1 0.0419459 -1.91755 4.50024 -0.999195 2.29364 -0.302119 -2.63877 -2.99516 0.100255 0.0277924 0.586096 
86.3618 8000 0.0251314 0.0322629 0.0648697 1.22204 0.938321 0.0495396 0 25 -10 
0.143706 -4.30005 0 -3.83349 0.099828 0.635016 0.910346 -0.1 0.0338005 -1.92432 4.51877 -0.94894 2.27497 -0.27566 -2.62471 -3.00193 0.0925217 0.0270443 0.618052 
86.2885 8000 0.0260097 0.0328248 0.0664281 1.22204 0.945673 0.0493946 0 25 -10 
0.142265 -4.3238 0 -3.81336 0.101651 0.611631 0.917521 -0.1 0.0260268 -1.93075 4.53656 -0.900634 2.25709 -0.250184 -2.61113 -3.00839 0.0851007 0.0263235 0.64875 
86.216 8000 0.0270067 0.0334853 0.0680853 1.22204 0.952222 0.0492493 0 25 -10 
0.141001 -4.34653 0 -3.79404 0.103365 0.589389 0.924269 -0.1 0.0188101 -1.93676 4.55353 -0.854523 2.24022 -0.225797 -2.59798 -3.01438 0.0780568 0.0256319 0.678043 
86.1441 8000 0.0280954 0.0342235 0.0698122 1.22204 0.958044 0.049105 0 25 -10 
0.140072 -4.36823 0 -3.7755 0.10493 0.568477 0.930426 -0.1 0.0124457 -1.94216 4.5696 -0.810799 2.22469 -0.202551 -2.58509 -3.01967 0.0714689 0.0249693 0.70582 
86.073 8000 0.0292507 0.0350196 0.0715816 1.22204 0.963209 0.0489626 0 25 -10 
0.139685 -4.38898 0 -3.75765 0.106297 0.549087 0.935795 -0.1 0.00730415 -1.94675 4.58473 -0.7696 2.2109 -0.180448 -2.57219 -3.02394 0.0654236 0.0243336 0.732011 
86.0026 8000 0.0304493 0.0358555 0.0733686 1.22204 0.967783 0.0488234 0 25 -10 
0.14006 -4.40888 0 -3.74036 0.107414 0.531398 0.940173 -0.1 0.00377827 -1.95032 4.59889 -0.731015 2.19925 -0.159459 -2.55898 -3.02687 0.0600056 0.0237214 0.756573 
85.9328 8000 0.0316706 0.036715 0.0751508 1.22204 0.971826 0.0486882 0 25 -10 
0.141405 -4.42804 0 -3.72351 0.108235 0.51556 0.943371 -0.1 0.0022315 -1.95266 4.61204 -0.695087 2.1901 -0.139534 -2.54514 -3.02816 0.0552885 0.023129 0.779494 
85.8638 8000 0.0328962 0.0375837 0.0769089 1.22204 0.975393 0.0485577 0 25 -10 
0.14389 -4.44657 0 -3.70697 0.108722 0.50168 0.945241 -0.1 0.00295924 -1.95362 4.6242 -0.661816 2.18375 -0.120614 -2.53044 -3.02755 0.0513281 0.0225528 0.800785 
85.7959 8000 0.0341106 0.0384494 0.0786263 1.22204 0.978536 0.0484327 0 25 -10 
0.147635 -4.46456 0 -3.69064 0.10885 0.489816 0.945681 -0.1 0.00616457 -1.95308 4.63537 -0.63117 2.18038 -0.102638 -2.51466 -3.02488 0.0481582 0.0219897 0.820475 
85.7304 8000 0.0353005 0.0393017 0.0802895 1.22204 0.9813 0.0483135 0 25 -10 
0.152701 -4.4821 0 -3.67444 0.108607 0.479976 0.944646 -0.1 0.0119479 -1.95101 4.64559 -0.603082 2.18008 -0.0855497 -2.49771 -3.02008 0.0457897 0.0214374 0.838612 
85.6688 8000 0.0364551 0.0401319 0.0818876 1.22204 0.983727 0.0482007 0 25 -10 
0.159095 -4.49923 0 -3.65834 0.107996 0.472121 0.942141 -0.1 0.020308 -1.94739 4.65487 -0.577462 2.18283 -0.0693003 -2.47954 -3.01313 0.0442111 0.0208944 0.855254 
85.6137 8000 0.0375659 0.0409332 0.0834121 1.22204 0.985855 0.0480943 0 25 -10 
0.166769 -4.51598 0 -3.64232 0.107029 0.46617 0.938222 -0.1 0.0311508 -1.94229 4.66326 -0.5542 2.1885 -0.0538487 -2.46019 -3.00412 0.0433909 0.0203601 0.87047 
85.5678 8000 0.0386263 0.0417004 0.084857 1.22204 0.987718 0.0479946 0 25 -10 
0.175633 -4.53236 0 -3.62639 0.105732 0.462007 0.932985 -0.1 0.0443038 -1.93582 4.67082 -0.53317 2.19692 -0.0391618 -2.43976 -2.99319 0.0432812 0.0198346 0.884334 
85.5342 8000 0.0396317 0.0424294 0.0862184 1.22204 0.989347 0.0479015 0 25 -10 
0.185559 -4.54835 0 -3.61059 0.104135 0.459488 0.926556 -0.1 0.0595328 -1.9281 4.67759 -0.514236 2.20781 -0.0252139 -2.4184 -2.98053 0.0438211 0.0193185 0.896927 
85.5164 8000 0.0405789 0.0431176 0.0874939 1.22204 0.990769 0.047815 0 25 -10 
0.196398 -4.56394 0 -3.59498 0.102277 0.458452 0.919087 -0.1 0.0765598 -1.91931 4.68363 -0.497256 2.22088 -0.0119846 -2.39628 -2.96638 0.0449405 0.018813 0.90833 
85.5175 8000 0.041466 0.0437634 0.0886829 1.22204 0.99201 0.047735 0 25 -10 
0.207982 -4.57908 0 -3.5796 0.100198 0.458726 0.91074 -0.1 0.0950792 -1.90961 4.689 -0.482086 2.2358 0.000542179 -2.37362 -2.95099 0.0465641 0.0183194 0.918626 
85.5409 8000 0.0422927 0.0443661 0.0897861 1.22204 0.993091 0.0476612 0 25 -10 
0.220139 -4.59374 0 -3.56453 0.0979421 0.460135 0.901688 -0.1 0.114774 -1.89919 4.69374 -0.46858 2.25222 0.01238 -2.35064 -2.93462 0.0486142 0.0178394 0.927898 
85.5893 8000 0.0430592 0.0449257 0.0908051 1.22204 0.994031 0.0475935 0 25 -10 
0.232695 -4.60789 0 -3.54984 0.0955509 0.462502 0.892099 -0.1 0.135327 -1.88823 4.69792 -0.456596 2.2698 0.0235411 -2.32754 -2.91754 0.0510136 0.0173744 0.936225 
85.6653 8000 0.0437667 0.0454429 0.0917426 1.22204 0.994848 0.0475315 0 25 -10 
0.245484 -4.62148 0 -3.53559 0.0930655 0.465659 0.882136 -0.1 0.156434 -1.87691 4.70159 -0.445999 2.28822 0.0340379 -2.30455 -2.9 0.0536879 0.0169261 0.943686 
85.7712 8000 0.044417 0.0459189 0.0926017 1.22204 0.995557 0.047475 0 25 -10 
0.25835 -4.63448 0 -3.52183 0.0905243 0.469446 0.871953 -0.1 0.177809 -1.86539 4.7048 -0.436655 2.30717 0.0438834 -2.28185 -2.88224 0.0565672 0.0164959 0.950355 
85.9085 8000 0.0450125 0.0463551 0.0933862 1.22204 0.996171 0.0474236 0 25 -10 
0.27115 -4.64687 0 -3.50862 0.0879624 0.473716 0.86169 -0.1 0.199192 -1.85382 4.7076 -0.428441 2.32637 0.0530921 -2.25962 -2.86447 0.0595871 0.0160848 0.956303 
86.0786 8000 0.0455557 0.0467534 0.0941001 1.22204 0.996704 0.0473771 0 25 -10 
0.283759 -4.65861 0 -3.49601 0.0854111 0.478335 0.851472 -0.1 0.220353 -1.84234 4.71002 -0.421241 2.34556 0.0616802 -2.23802 -2.84688 0.0626898 0.0156939 0.961597 
86.2822 8000 0.0460496 0.0471158 0.0947477 1.22204 0.997165 0.047335 0 25 -10 
0.296069 -4.66971 0 -3.48402 0.0828975 0.483186 0.841406 -0.1 0.24109 -1.83105 4.71213 -0.414946 2.36453 0.0696661 -2.21717 -2.82965 0.0658242 0.0153238 0.966298 
86.5196 8000 0.0464971 0.0474445 0.0953333 1.22204 0.997563 0.0472971 0 25 -10 
0.307989 -4.68015 0 -3.47267 0.0804447 0.488164 0.831586 -0.1 0.261235 -1.82007 4.71394 -0.409457 2.3831 0.0770701 -2.19718 -2.81291 0.0689462 0.014975 0.970466 
86.7907 8000 0.0469015 0.0477416 0.0958615 1.22204 0.997907 0.047263 0 25 -10 
0.319446 -4.68992 0 -3.46199 0.0780717 0.493182 0.822086 -0.1 0.280652 -1.80946 4.7155 -0.404683 2.4011 0.0839143 -2.17814 -2.79677 0.0720187 0.0146476 0.974154 
87.0951 8000 0.0472659 0.0480095 0.0963366 1.22204 0.998203 0.0472324 0 25 -10 
0.330382 -4.69905 0 -3.45198 0.0757937 0.498163 0.812968 -0.1 0.29923 -1.79929 4.71684 -0.400541 2.41841 0.0902227 -2.16009 -2.78133 0.075011 0.0143416 0.97741 
87.4319 8000 0.0475932 0.0482504 0.0967627 1.22204 0.998459 0.047205 0 25 -10 
0.340756 -4.70753 0 -3.44264 0.0736223 0.503048 0.804277 -0.1 0.31689 -1.78961 4.71798 -0.396954 2.43494 0.0960203 -2.14309 -2.76666 0.0778986 0.0140568 0.980282 
87.7998 8000 0.0478866 0.0484663 0.0971441 1.22204 0.99868 0.0471806 0 25 -10 
0.350538 -4.71538 0 -3.43395 0.0715657 0.507786 0.796046 -0.1 0.333574 -1.78045 4.71895 -0.393856 2.45062 0.101334 -2.12715 -2.75279 0.0806624 0.0137926 0.98281 
88.1974 8000 0.0481489 0.0486595 0.0974846 1.22204 0.998869 0.0471588 0 25 -10 
0.359714 -4.72262 0 -3.42591 0.0696293 0.512339 0.788298 -0.1 0.349249 -1.77184 4.71978 -0.391186 2.46541 0.10619 -2.11227 -2.73977 0.0832885 0.0135486 0.985031 
88.623 8000 0.0483828 0.0488319 0.0977879 1.22204 0.999032 0.0471395 0 25 -10 
0.368278 -4.72928 0 -3.41849 0.0678162 0.516679 0.781042 -0.1 0.363898 -1.76378 4.72048 -0.388889 2.47927 0.110616 -2.09846 -2.72759 0.0857674 0.0133239 0.986981 
89.0746 8000 0.0485911 0.0489854 0.0980576 1.22204 0.999172 0.0471223 0 25 -10 
0.376233 -4.73539 0 -3.41167 0.0661269 0.520786 0.774283 -0.1 0.377524 -1.75628 4.72107 -0.386917 2.49219 0.114639 -2.08567 -2.71627 0.0880933 0.0131177 0.988689 
89.5501 8000 0.048776 0.0491218 0.0982968 1.22204 0.999293 0.0471071 0 25 -10 
0.38359 -4.74097 0 -3.40542 0.0645603 0.524646 0.768015 -0.1 0.390141 -1.74933 4.72157 -0.385227 2.50419 0.118288 -2.07389 -2.70578 0.0902636 0.0129291 0.990183 
90.0473 8000 0.0489399 0.0492427 0.0985087 1.22204 0.999396 0.0470937 0 25 -10 
0.390367 -4.74605 0 -3.39971 0.063114 0.528253 0.762228 -0.1 0.401773 -1.74292 4.72199 -0.383782 2.51527 0.121588 -2.06308 -2.69612 0.0922786 0.0127572 0.991489 
90.5639 8000 0.049085 0.0493497 0.0986959 1.22204 0.999484 0.0470819 0 25 -10 
0.396584 -4.75067 0 -3.39452 0.061784 0.531606 0.756907 -0.1 0.412457 -1.73703 4.72234 -0.382549 2.52547 0.124565 -2.05319 -2.68724 0.0941408 0.0126009 0.992629 
91.0974 8000 0.0492128 0.049444 0.0988608 1.22204 0.99956 0.0470714 0 25 -10 
0.402269 -4.75485 0 -3.3898 0.0605657 0.534707 0.752033 -0.1 0.422233 -1.73163 4.72263 -0.381498 2.53482 0.127246 -2.04418 -2.67911 0.0958542 0.0124592 0.993623 
91.6454 8000 0.0493218 0.0495245 0.0990014 1.22204 0.999625 0.0470625 0 25 -10 
0.407449 -4.75863 0 -3.38553 0.0594536 0.537561 0.747585 -0.1 0.431146 -1.72671 4.72287 -0.380604 2.54336 0.129654 -2.03598 -2.67171 0.0974245 0.012331 0.994488 
92.2056 8000 0.0494029 0.0495843 0.0991066 1.22204 0.99968 0.0470558 0 25 -10 
0.412153 -4.76203 0 -3.38168 0.058442 0.540178 0.743538 -0.1 0.439248 -1.72224 4.72307 -0.379845 2.55113 0.131813 -2.02856 -2.66497 0.0988582 0.0122155 0.99524 
92.7754 8000 0.0494386 0.0496103 0.0991543 1.22204 0.999728 0.0470527 0 25 -10 
0.416413 -4.7651 -5.42297e-10 -3.37821 0.0575247 0.542568 0.739868 -0.1 0.446588 -1.71818 4.72324 -0.379201 2.55819 0.133743 -2.02185 -2.65887 0.100163 0.0121116 0.995893 
93.3526 8000 0.0494055 0.0495851 0.0991152 1.22204 0.999768 0.0470547 0 25 -10 
0.420258 -4.76784 -6.95047e-07 -3.3751 0.0566945 0.544746 0.736553 -0.1 0.453226 -1.71452 4.72337 -0.378663 2.56457 0.135468 -2.0158 -2.65336 0.101346 0.0120199 0.996453 
93.9348 8000 0.0492779 0.0494895 0.0989575 1.22204 0.999803 0.0470639 0 25 -10 
0.423712 -4.77027 -1.03864e-05 -3.37241 0.0559352 0.546758 0.73359 -0.1 0.459299 -1.71123 4.72347 -0.378296 2.57035 0.137014 -2.01035 -2.64832 0.102417 0.0119578 0.996854 
94.5197 8000 0.0490318 0.0493057 0.098651 1.22204 0.999832 0.0470821 0 25 -10 
0.42678 -4.77236 -5.57145e-05 -3.3704 0.0552085 0.548728 0.731033 -0.1 0.46513 -1.70835 4.7235 -0.378346 2.57566 0.138433 -2.00537 -2.64353 0.10339 0.0119833 0.996858 
95.1054 8000 0.0486475 0.0490188 0.098171 1.22204 0.999858 0.0471107 0 25 -10 
0.42945 -4.77403 -0.000184161 -3.36956 0.0544514 0.550866 0.728993 -0.1 0.471252 -1.70593 4.7234 -0.379259 2.5807 0.139797 -2.00074 -2.63859 0.104281 0.0122003 0.996034 
95.6897 8000 0.0481113 0.0486188 0.0975004 1.22204 0.999879 0.0471508 0 25 -10 
0.431691 -4.77514 -0.000457781 -3.37052 0.0535837 0.553442 0.727629 -0.1 0.478345 -1.70407 4.72308 -0.381626 2.58569 0.141195 -1.99625 -2.63301 0.10511 0.012745 0.993813 
96.2708 8000 0.0474164 0.0481004 0.0966307 1.22204 0.999897 0.0472029 0 25 -10 
0.433471 -4.77558 -0.000943668 -3.374 0.0525192 0.556745 0.727111 -0.1 0.487141 -1.70287 4.72247 -0.386087 2.59089 0.142719 -1.99173 -2.62625 0.105898 0.0137648 0.989578 
96.8468 8000 0.0465626 0.0474636 0.0955617 1.22204 0.999913 0.0472669 0 25 -10 
0.434756 -4.77522 -0.00170487 -3.38064 0.0511769 0.56105 0.727602 -0.1 0.498325 -1.70243 4.72146 -0.393244 2.59653 0.144459 -1.98699 -2.61783 0.106664 0.0153981 0.98275 
97.4162 8000 0.0455561 0.046713 0.0943013 1.22204 0.999926 0.0473424 0 25 -10 
0.435522 -4.77395 -0.00279342 -3.39098 0.0494895 0.566584 0.729233 -0.1 0.512467 -1.70282 4.72 -0.403594 2.6028 0.146486 -1.98188 -2.60732 0.107424 0.0177593 0.972852 
97.9773 8000 0.0444084 0.0458571 0.0928638 1.22204 0.999937 0.0474286 0 25 -10 
0.435758 -4.77172 -0.004246 -3.40541 0.0474083 0.573509 0.732091 -0.1 0.52998 -1.7041 4.71804 -0.417485 2.60986 0.148856 -1.9763 -2.59443 0.108192 0.0209287 0.959548 
98.529 8000 0.043135 0.0449075 0.0912687 1.22204 0.999947 0.0475243 0 25 -10 
0.435466 -4.76849 -0.00608194 -3.42412 0.0449059 0.581917 0.736215 -0.1 0.551094 -1.70628 4.71554 -0.435101 2.61779 0.151601 -1.97015 -2.57898 0.108978 0.0249485 0.942661 
99.0698 8000 0.0417545 0.043878 0.0895392 1.22204 0.999955 0.047628 0 25 -10 
0.434664 -4.76427 -0.00830333 -3.4471 0.0419757 0.591825 0.741595 -0.1 0.575864 -1.70935 4.71252 -0.456458 2.62664 0.154732 -1.96342 -2.56094 0.109787 0.0298227 0.922177 
99.5988 8000 0.0402872 0.0427839 0.0877008 1.22204 0.999962 0.0477382 0 25 -10 
0.43338 -4.75911 -0.0108964 -3.47421 0.0386307 0.603188 0.748177 -0.1 0.604178 -1.71327 4.70898 -0.48142 2.63639 0.15824 -1.9561 -2.54037 0.110622 0.0355207 0.898224 
100.115 8000 0.0387542 0.0416408 0.0857801 1.22204 0.999968 0.0478534 0 25 -10 
0.431655 -4.75308 -0.013834 -3.50513 0.0349001 0.6159 0.75587 -0.1 0.635786 -1.71797 4.70496 -0.509723 2.64698 0.162102 -1.94823 -2.51746 0.111483 0.0419821 0.871059 
100.617 8000 0.0371765 0.0404644 0.0838034 1.22204 0.999973 0.047972 0 25 -10 
0.429537 -4.74626 -0.0170785 -3.53945 0.0308261 0.629813 0.76455 -0.1 0.670326 -1.72336 4.70053 -0.540999 2.65832 0.166278 -1.93987 -2.49247 0.112367 0.0491233 0.841032 
101.105 8000 0.0355743 0.0392697 0.0817959 1.22204 0.999977 0.0480924 0 25 -10 
0.42708 -4.73879 -0.0205844 -3.57666 0.0264603 0.644748 0.774077 -0.1 0.707359 -1.72934 4.69573 -0.57481 2.67029 0.17072 -1.93109 -2.4657 0.113269 0.056844 0.808567 
101.578 8000 0.0339665 0.0380709 0.0797814 1.22204 0.99998 0.0482133 0 25 -10 
0.42434 -4.73077 -0.0243019 -3.61623 0.0218603 0.660505 0.784295 -0.1 0.746395 -1.73582 4.69065 -0.610672 2.68276 0.175375 -1.92199 -2.43751 0.114182 0.0650337 0.774129 
102.036 8000 0.0323703 0.0368807 0.0777813 1.22204 0.999984 0.0483332 0 25 -10 
0.421376 -4.72234 -0.0281789 -3.65758 0.0170862 0.676874 0.795045 -0.1 0.78692 -1.74268 4.68534 -0.64808 2.69558 0.180186 -1.91267 -2.40827 0.115101 0.0735772 0.738203 
102.478 8000 0.0308006 0.0357103 0.0758144 1.22204 0.999986 0.0484512 0 25 -10 
0.418244 -4.71361 -0.0321633 -3.70014 0.0121985 0.693645 0.806168 -0.1 0.82842 -1.7498 4.67989 -0.686532 2.70861 0.185095 -1.90322 -2.37833 0.116018 0.0823596 0.701271 
102.904 8000 0.0292706 0.0345694 0.0738972 1.22204 0.999988 0.0485662 0 25 -10 
0.414998 -4.70471 -0.0362053 -3.74336 0.00725524 0.710618 0.817511 -0.1 0.8704 -1.7571 4.67435 -0.725543 2.72172 0.190047 -1.89375 -2.34807 0.116927 0.0912703 0.663799 
103.314 8000 0.027791 0.0334662 0.0720432 1.22204 0.99999 0.0486775 0 25 -10 
0.411687 -4.69575 -0.040258 -3.78675 0.00231099 0.727601 0.828933 -0.1 0.912395 -1.76447 4.66881 -0.764662 2.73477 0.194989 -1.88433 -2.3178 0.11782 0.100206 0.626222 
103.707 8000 0.0263706 0.0324071 0.0702633 1.22204 0.999992 0.0487843 0 25 -10 
0.408357 -4.68683 -0.0442791 -3.82983 -0.00258482 0.744426 0.840305 -0.1 0.953983 -1.77183 4.6633 -0.803478 2.74764 0.199874 -1.87506 -2.28784 0.118692 0.109073 0.588934 
104.084 8000 0.0250161 0.0313972 0.0685661 1.22204 0.999993 0.0488861 0 25 -10 
0.405048 -4.67804 -0.048231 -3.8722 -0.00738845 0.760938 0.851514 -0.1 0.994793 -1.7791 4.65789 -0.841629 2.76022 0.204661 -1.866 -2.25844 0.119537 0.117788 0.552283 
104.445 8000 0.0237325 0.0304401 0.0669577 1.22204 0.999994 0.0489826 0 25 -10 
0.401794 -4.66945 -0.0520816 -3.91351 -0.0120624 0.77701 0.862461 -0.1 1.0345 -1.7862 4.65262 -0.878804 2.77244 0.209312 -1.85723 -2.22984 0.120351 0.126281 0.51657 
104.79 8000 0.022523 0.0295383 0.0654421 1.22204 0.999995 0.0490735 0 25 -10 
0.398624 -4.66114 -0.0558038 -3.95346 -0.0165753 0.792531 0.873064 -0.1 1.07285 -1.7931 4.64752 -0.91474 2.7842 0.213799 -1.84878 -2.20223 0.12113 0.134491 0.482045 
105.119 8000 0.0213894 0.028693 0.0640216 1.22204 0.999996 0.0491587 0 25 -10 
0.395563 -4.65314 -0.059376 -3.99181 -0.020902 0.807415 0.883257 -0.1 1.10962 -1.79973 4.64263 -0.94923 2.79546 0.218097 -1.8407 -2.17576 0.121871 0.14237 0.448909 
105.433 8000 0.0203321 0.0279047 0.0626967 1.22204 0.999996 0.0492382 0 25 -10 
0.392628 -4.64551 -0.0627815 -4.02839 -0.0250234 0.821594 0.892988 -0.1 1.14464 -1.80607 4.63796 -0.982112 2.80617 0.222188 -1.83303 -2.15055 0.122573 0.149883 0.417318 
105.732 8000 0.0193506 0.0271729 0.0614667 1.22204 0.999997 0.049312 0 25 -10 
0.389835 -4.63828 -0.066007 -4.06304 -0.0289236 0.83502 0.902214 -0.1 1.17781 -1.8121 4.63355 -1.01325 2.81629 0.226059 -1.82577 -2.12668 0.123235 0.156998 0.387384 
106.015 8000 0.0184433 0.0264964 0.0603298 1.22204 0.999997 0.0493802 0 25 -10 
0.387201 -4.63153 -0.0690339 -4.09554 -0.0325783 0.847657 0.910861 -0.1 1.20906 -1.81778 4.62942 -1.04245 2.82582 0.229694 -1.81888 -2.10424 0.123866 0.16368 0.359173 
106.285 8000 0.0176081 0.0258736 0.0592832 1.22204 0.999998 0.049443 0 25 -10 
0.384755 -4.62544 -0.0718283 -4.12549 -0.0359394 0.859472 0.918775 -0.1 1.23845 -1.82312 4.62564 -1.06931 2.83476 0.233076 -1.81219 -2.08331 0.124495 0.169861 0.332705 
106.54 8000 0.016842 0.0253024 0.0583232 1.22204 0.999998 0.0495006 0 25 -10 
0.382535 -4.62032 -0.0743393 -4.15225 -0.0389324 0.870438 0.925721 -0.1 1.26608 -1.82813 4.62234 -1.09322 2.84315 0.236177 -1.80544 -2.06399 0.125168 0.175444 0.307953 
106.781 8000 0.0161419 0.0247804 0.057446 1.22204 0.999998 0.0495533 0 25 -10 
0.380587 -4.61653 -0.076505 -4.17506 -0.0414669 0.880529 0.931408 -0.1 1.29214 -1.83281 4.61967 -1.11345 2.85103 0.238967 -1.79824 -2.04641 0.125947 0.180313 0.284858 
107.01 8000 0.0155043 0.024305 0.056647 1.22204 0.999999 0.0496012 0 25 -10 
0.378957 -4.61445 -0.0782625 -4.19313 -0.0434494 0.889728 0.935534 -0.1 1.31684 -1.83718 4.61776 -1.12923 2.85848 0.241417 -1.79021 -2.03068 0.126895 0.184347 0.263335 
107.226 8000 0.0149255 0.0238734 0.0559216 1.22204 0.999999 0.0496447 0 25 -10 
0.377687 -4.61445 -0.0795556 -4.20576 -0.044796 0.898028 0.937829 -0.1 1.3404 -1.84126 4.61677 -1.13988 2.86554 0.2435 -1.78099 -2.01688 0.128073 0.187442 0.243288 
107.429 8000 0.0144015 0.0234827 0.055265 1.22204 0.999999 0.0496841 0 25 -10 
0.376806 -4.61678 -0.0803413 -4.2124 -0.0454422 0.905434 0.938078 -0.1 1.36303 -1.84508 4.61679 -1.14487 2.87228 0.2452 -1.77028 -2.00505 0.129529 0.189517 0.224616 
107.621 8000 0.0139285 0.0231301 0.0546723 1.22204 0.999999 0.0497197 0 25 -10 
0.376333 -4.62165 -0.0805936 -4.21272 -0.0453473 0.911963 0.936147 -0.1 1.38488 -1.84864 4.61789 -1.14387 2.87875 0.24651 -1.75785 -1.99522 0.131298 0.190526 0.207217 
107.801 8000 0.0135028 0.0228126 0.0541389 1.22204 0.999999 0.0497517 0 25 -10 
0.376274 -4.62913 -0.0803044 -4.20661 -0.0444976 0.917642 0.93198 -0.1 1.40611 -1.85198 4.62011 -1.13677 2.88498 0.24743 -1.74361 -1.98734 0.133397 0.190456 0.190997 
107.971 8000 0.0131206 0.0225277 0.0536599 1.22204 0.999999 0.0497804 0 25 -10 
0.37662 -4.63919 -0.0794833 -4.19416 -0.0429049 0.922513 0.925606 -0.1 1.42681 -1.85511 4.62342 -1.12365 2.89101 0.247973 -1.72752 -1.98135 0.135829 0.189327 0.17587 
108.131 8000 0.0127783 0.0222724 0.0532309 1.22204 1 0.0498061 0 25 -10 
0.377351 -4.65172 -0.0781558 -4.17568 -0.0406039 0.926622 0.917126 -0.1 1.44703 -1.85804 4.62778 -1.10481 2.89685 0.248158 -1.70965 -1.97715 0.13858 0.187192 0.161758 
108.281 8000 0.0124724 0.0220443 0.0528476 1.22204 1 0.0498291 0 25 -10 
0.37844 -4.66654 -0.0763604 -4.15164 -0.037649 0.930025 0.9067 -0.1 1.4668 -1.86078 4.63311 -1.08067 2.90252 0.248013 -1.69014 -1.97459 0.141625 0.184127 0.14859 
108.421 8000 0.0121996 0.021841 0.0525058 1.22204 1 0.0498497 0 25 -10 
0.379849 -4.68339 -0.0741457 -4.1226 -0.0341088 0.932783 0.894538 -0.1 1.48612 -1.86336 4.6393 -1.05179 2.90802 0.24757 -1.6692 -1.97354 0.14493 0.180227 0.136306 
108.553 8000 0.011957 0.02166 0.0522017 1.22204 1 0.0498679 0 25 -10 
0.381538 -4.70197 -0.071567 -4.08924 -0.0300626 0.934958 0.880879 -0.1 1.50498 -1.86577 4.64624 -1.01883 2.91335 0.246862 -1.64706 -1.97381 0.148454 0.1756 0.124853 
108.676 8000 0.0117415 0.0214994 0.0519318 1.22204 1 0.0498841 0 25 -10 
0.383463 -4.72198 -0.0686839 -4.05228 -0.0255955 0.936612 0.865983 -0.1 1.52333 -1.86803 4.65379 -0.982452 2.91851 0.245929 -1.62398 -1.97525 0.15215 0.170363 0.114182 
108.792 8000 0.0115506 0.021357 0.0516925 1.22204 1 0.0498985 0 25 -10 
0.385577 -4.74309 -0.0655572 -4.01246 -0.0207945 0.937809 0.850118 -0.1 1.54113 -1.87014 4.66182 -0.943378 2.92349 0.244807 -1.60025 -1.97768 0.155971 0.164634 0.104251 
108.899 8000 0.0113817 0.0212311 0.0514809 1.22204 1 0.0499111 0 25 -10 
0.387838 -4.76498 -0.0622469 -3.97051 -0.0157456 0.93861 0.833548 -0.1 1.55833 -1.87211 4.67019 -0.902303 2.92827 0.243533 -1.57613 -1.98093 0.15987 0.15853 0.0950197 
109 8000 0.0112326 0.0211199 0.051294 1.22204 1 0.0499224 0 25 -10 
0.390203 -4.78734 -0.0588103 -3.92711 -0.0105313 0.939071 0.816524 -0.1 1.57489 -1.87394 4.67879 -0.859893 2.93286 0.242143 -1.55189 -1.98485 0.163802 0.152162 0.0864533 
109.094 8000 0.0111012 0.0210219 0.0511293 1.22204 1 0.0499322 0 25 -10 
0.392631 -4.80987 -0.0553008 -3.88293 -0.00522799 0.939247 0.799283 -0.1 1.59076 -1.87565 4.6875 -0.816769 2.93723 0.24067 -1.52778 -1.98927 0.167725 0.145635 0.0785174 
109.182 8000 0.0109855 0.0209357 0.0509843 1.22204 1 0.0499409 0 25 -10 
0.395088 -4.83233 -0.051767 -3.83854 9.47297e-05 0.939187 0.782036 -0.1 1.60591 -1.87724 4.6962 -0.773495 2.94139 0.239142 -1.50402 -1.99407 0.171601 0.139044 0.0711797 
109.263 8000 0.0108839 0.0208599 0.050857 1.22204 1 0.0499486 0 25 -10 
0.397542 -4.85448 -0.0482519 -3.79447 0.00537533 0.938934 0.764973 -0.1 1.6203 -1.8787 4.7048 -0.73057 2.94533 0.237588 -1.4808 -1.99913 0.175396 0.132471 0.0644088 
109.339 8000 0.0107947 0.0207934 0.0507452 1.22204 1 0.0499553 0 25 -10 
0.399975 -4.87614 -0.0447926 -3.75116 0.0105606 0.93853 0.748252 -0.1 1.63391 -1.88004 4.71323 -0.688427 2.94905 0.236034 -1.45826 -2.00432 0.179084 0.125989 0.0581744 
109.41 8000 0.0107166 0.0207352 0.0506473 1.22204 1 0.0499612 0 25 -10 
0.402393 -4.89721 -0.0414205 -3.709 0.0156058 0.938009 0.731998 -0.1 1.6467 -1.88122 4.7214 -0.647438 2.95257 0.234509 -1.43651 -2.00954 0.182643 0.119659 0.0524466 
109.476 8000 0.0106482 0.0206842 0.0505617 1.22204 1 0.0499663 0 25 -10 
0.404827 -4.91763 -0.0381614 -3.66827 0.0204743 0.937402 0.716302 -0.1 1.65863 -1.88217 4.72925 -0.607912 2.95592 0.233049 -1.41558 -2.01469 0.18606 0.113528 0.047196 
109.537 8000 0.0105896 0.0206406 0.0504875 1.22204 0.999988 0.0499708 0 25 -10 
0.407323 -4.93743 -0.0350358 -3.62922 0.0251373 0.936735 0.701224 -0.1 1.66967 -1.88281 4.73674 -0.5701 2.95914 0.231689 -1.39546 -2.01965 0.189327 0.107635 0.0423939 
109.594 8000 0.0105483 0.0206113 0.0504282 1.22204 0.999868 0.0499752 0 25 -10 
0.409937 -4.95665 -0.0320589 -3.59202 0.0295731 0.936029 0.686803 -0.1 1.67978 -1.88305 4.74381 -0.534195 2.96226 0.230462 -1.3761 -2.02434 0.192443 0.102007 0.038012 
109.647 8000 0.0105488 0.0206182 0.050397 1.22204 0.999355 0.0499807 0 25 -10 
0.412725 -4.97535 -0.029242 -3.55677 0.0337666 0.935305 0.673057 -0.1 1.68894 -1.8828 4.75044 -0.500338 2.96534 0.2294 -1.35745 -2.02868 0.195406 0.0966633 0.0340227 
109.695 8000 0.0106342 0.0206995 0.0504171 1.22204 0.997961 0.0499892 0 25 -10 
0.41573 -4.9936 -0.0265919 -3.52356 0.0377082 0.934577 0.659992 -0.1 1.69713 -1.882 4.7566 -0.468619 2.9684 0.228527 -1.33945 -2.03259 0.198221 0.0916168 0.030399 
109.741 8000 0.0108598 0.0209044 0.0505192 1.22204 0.99506 0.0500034 0 25 -10 
0.418986 -5.01145 -0.0241122 -3.49242 0.0413934 0.933856 0.647606 -0.1 1.70437 -1.88061 4.76228 -0.439083 2.97149 0.227857 -1.32204 -2.03605 0.200889 0.0868734 0.0271148 
109.783 8000 0.011285 0.0212856 0.0507357 1.22204 0.989982 0.050026 0 25 -10 
0.422509 -5.02894 -0.0218036 -3.46335 0.0448221 0.933154 0.63589 -0.1 1.71066 -1.8786 4.76748 -0.411738 2.97461 0.2274 -1.30518 -2.03903 0.203417 0.0824344 0.0241449 
109.822 8000 0.0119649 0.0218922 0.0510972 1.22204 0.982105 0.0500594 0 25 -10 
0.426301 -5.0461 -0.0196642 -3.43632 0.0479976 0.932476 0.624831 -0.1 1.71604 -1.87598 4.77221 -0.386555 2.97778 0.227156 -1.28885 -2.04151 0.205808 0.0782968 0.0214649 
109.858 8000 0.0129447 0.0227642 0.0516283 1.22204 0.970919 0.0501059 0 25 -10 
0.430349 -5.06292 -0.0176902 -3.41128 0.0509259 0.93183 0.614413 -0.1 1.72056 -1.87278 4.77648 -0.36348 2.98099 0.22712 -1.27302 -2.0435 0.208066 0.0744547 0.0190518 
109.891 8000 0.0142555 0.0239292 0.0523463 1.22204 0.956074 0.0501667 0 25 -10 
0.434629 -5.07939 -0.0158762 -3.38817 0.0536157 0.931218 0.60462 -0.1 1.72427 -1.86904 4.7803 -0.342437 2.98426 0.22728 -1.25769 -2.04502 0.210196 0.0708993 0.0168834 
109.922 8000 0.0159128 0.0254012 0.0532595 1.22204 0.937389 0.0502427 0 25 -10 
0.439105 -5.09548 -0.0142154 -3.36692 0.0560771 0.930642 0.595434 -0.1 1.72724 -1.86481 4.78371 -0.323332 2.98755 0.227619 -1.24287 -2.0461 0.212201 0.0676201 0.0149389 
109.951 8000 0.0179171 0.0271804 0.0543679 1.22204 0.914858 0.0503339 0 25 -10 
0.443738 -5.11116 -0.0127003 -3.34743 0.0583217 0.930106 0.586836 -0.1 1.72953 -1.86018 4.78673 -0.306058 2.99086 0.228118 -1.22857 -2.04678 0.214085 0.0646049 0.0131986 
109.977 8000 0.0202546 0.0292549 0.0556636 1.22204 0.88863 0.0504398 0 25 -10 
0.448482 -5.12638 -0.0113228 -3.32961 0.0603617 0.929607 0.578807 -0.1 1.73123 -1.8552 4.78938 -0.290503 2.99416 0.228757 -1.21482 -2.0471 0.215853 0.0618407 0.011644 
110.001 8000 0.0228999 0.0316021 0.0571323 1.22204 0.858986 0.0505592 0 25 -10 
0.45329 -5.14111 -0.0100743 -3.31336 0.0622101 0.929147 0.571326 -0.1 1.73239 -1.84997 4.7917 -0.276546 2.99744 0.229513 -1.20162 -2.04709 0.217507 0.0593137 0.010258 
110.024 8000 0.0258184 0.0341912 0.0587544 1.22204 0.826311 0.0506906 0 25 -10 
0.458116 -5.1553 -0.00894605 -3.29859 0.0638799 0.928725 0.564373 -0.1 1.73309 -1.84456 4.79372 -0.264068 3.00067 0.230364 -1.189 -2.04681 0.219052 0.0570097 0.0090244 
110.044 8000 0.0289687 0.0369859 0.0605069 1.22204 0.791061 0.0508322 0 25 -10 
0.462916 -5.16891 -0.00792936 -3.2852 0.0653842 0.928339 0.557926 -0.1 1.7334 -1.83905 4.79546 -0.25295 3.00384 0.231288 -1.17699 -2.04629 0.22049 0.0549143 0.00792847 
110.063 8000 0.0323059 0.0399459 0.0623643 1.22204 0.753739 0.050982 0 25 -10 
0.467651 -5.18192 -0.00701563 -3.27308 0.0667359 0.927987 0.551963 -0.1 1.73337 -1.83349 4.79696 -0.243073 3.00693 0.232265 -1.16558 -2.04558 0.221827 0.0530135 0.00695649 
110.081 8000 0.035783 0.04303 0.0643005 1.22204 0.714867 0.0511379 0 25 -10 
0.472282 -5.19429 -0.00619651 -3.26215 0.0679472 0.927667 0.546461 -0.1 1.73308 -1.82797 4.79823 -0.234326 3.00991 0.233276 -1.1548 -2.04472 0.223065 0.0512931 0.00609586 
110.097 8000 0.0393534 0.0461966 0.0662894 1.22204 0.674961 0.0512979 0 25 -10 
0.476779 -5.206 -0.00546396 -3.2523 0.0690303 0.927378 0.541398 -0.1 1.73256 -1.82252 4.79932 -0.226601 3.01278 0.234305 -1.14464 -2.04374 0.22421 0.0497397 0.00533507 
110.112 8000 0.0429725 0.0494064 0.068306 1.22204 0.634521 0.05146 0 25 -10 
0.481116 -5.21704 -0.00481033 -3.24347 0.0699953 0.927117 0.536746 -0.1 1.73187 -1.8172 4.80023 -0.219808 3.01553 0.23533 -1.13511 -2.04268 0.225267 0.0483417 0.00466444 
110.126 8000 0.0465985 0.0526222 0.0703268 1.22204 0.59401 0.0516223 0 25 -10 
0.485286 -5.22742 -0.00422839 -3.23566 0.0708423 0.926875 0.532456 -0.1 1.73098 -1.81205 4.801 -0.213935 3.01817 0.236291 -1.12624 -2.04158 0.226244 0.0471015 0.00408173 
110.139 8000 0.0501938 0.0558106 0.0723309 1.22204 0.553849 0.0517832 0 25 -10 
0.489309 -5.23717 -0.00371135 -3.22912 0.0715497 0.926631 0.528426 -0.1 1.72975 -1.80709 4.80164 -0.209148 3.02076 0.237038 -1.11809 -2.04049 0.227165 0.0460513 0.00360021 
110.15 8000 0.053725 0.0589422 0.0742996 1.22204 0.514407 0.0519412 0 25 -10 
0.493241 -5.24633 -0.00325288 -3.22431 0.0720713 0.926349 0.524495 -0.1 1.72792 -1.80233 4.80219 -0.205808 3.02341 0.237314 -1.11079 -2.03949 0.228061 0.0452569 0.00325045 
110.161 8000 0.0571637 0.0619917 0.0762168 1.22204 0.476003 0.052095 0 25 -10 
0.497162 -5.25498 -0.00284712 -3.22187 0.0723441 0.925984 0.520461 -0.1 1.7251 -1.79778 4.80265 -0.204413 3.02628 0.236792 -1.10452 -2.03866 0.228977 0.0448079 0.00307515 
110.171 8000 0.0604859 0.0649379 0.0780694 1.22204 0.438902 0.0522435 0 25 -10 
0.501163 -5.2632 -0.00248865 -3.22248 0.0722986 0.925487 0.516111 -0.1 1.7209 -1.79345 4.80307 -0.205512 3.02952 0.235123 -1.09947 -2.0381 0.229956 0.0448019 0.00312144 
110.18 8000 0.0636727 0.0677639 0.0798465 1.22204 0.403316 0.052386 0 25 -10 
0.505329 -5.27106 -0.00217253 -3.22679 0.07187 0.924814 0.511242 -0.1 1.71494 -1.78931 4.80345 -0.20962 3.0333 0.231982 -1.09579 -2.03788 0.231043 0.0453303 0.00343366 
110.188 8000 0.0667094 0.0704568 0.0815401 1.22204 0.369408 0.0525217 0 25 -10 
0.509737 -5.27865 -0.00189421 -3.23533 0.0710057 0.923925 0.505688 -0.1 1.70689 -1.78537 4.80381 -0.217153 3.03773 0.227102 -1.09361 -2.03809 0.232272 0.0464673 0.00404779 
110.196 8000 0.0695854 0.0730071 0.0831441 1.22204 0.337296 0.0526503 0 25 -10 
0.514441 -5.28602 -0.00164955 -3.24846 0.0696701 0.922794 0.499324 -0.1 1.69655 -1.7816 4.80417 -0.228394 3.04292 0.220298 -1.09303 -2.03875 0.23367 0.0482627 0.00498799 
110.203 8000 0.0722937 0.0754088 0.0846547 1.22204 0.307057 0.0527713 0 25 -10 
0.519474 -5.29322 -0.00143483 -3.26633 0.0678474 0.921408 0.492077 -0.1 1.6838 -1.77801 4.80455 -0.24347 3.0489 0.211472 -1.09406 -2.03991 0.235252 0.0507391 0.00626506 
110.209 8000 0.0748308 0.0776586 0.0860699 1.22204 0.278731 0.0528847 0 25 -10 
0.524846 -5.30029 -0.00124666 -3.28893 0.065541 0.919764 0.483926 -0.1 1.66864 -1.77459 4.80493 -0.262355 3.0557 0.200619 -1.09669 -2.04155 0.237022 0.0538923 0.00787647 
110.215 8000 0.0771959 0.0797559 0.0873891 1.22204 0.252326 0.0529904 0 25 -10 
0.530546 -5.30724 -0.00108198 -3.31605 0.0627718 0.91787 0.474895 -0.1 1.65116 -1.77132 4.80534 -0.284882 3.06328 0.187813 -1.10083 -2.04368 0.238977 0.057693 0.00980756 
110.22 8000 0.0793906 0.0817021 0.0886134 1.22204 0.227825 0.0530884 0 25 -10 
0.536546 -5.31407 -0.000938068 -3.34734 0.0595758 0.915746 0.465045 -0.1 1.63155 -1.76821 4.80577 -0.310767 3.07159 0.173196 -1.10639 -2.04625 0.241103 0.0620914 0.0120333 
110.223 8000 0.0814184 0.0835003 0.0897446 1.22204 0.205186 0.053179 0 25 -10 
0.542804 -5.32079 -0.000812464 -3.38234 0.0560006 0.913415 0.454472 -0.1 1.61005 -1.76525 4.80623 -0.339633 3.08053 0.156968 -1.11321 -2.04923 0.243379 0.0670213 0.0145208 
110.221 8000 0.0832846 0.0851551 0.0907857 1.22204 0.184353 0.0532624 0 25 -10 
0.549267 -5.32738 -0.00070298 -3.4205 0.0521021 0.910911 0.443291 -0.1 1.58694 -1.76244 4.8067 -0.371038 3.09 0.139363 -1.12112 -2.05256 0.245782 0.0724049 0.0172314 
110.209 8000 0.0849955 0.0866723 0.0917401 1.22204 0.165254 0.0533388 0 25 -10 
0.555875 -5.33382 -0.000607664 -3.46124 0.0479408 0.908266 0.431633 -0.1 1.56255 -1.75977 4.80719 -0.4045 3.09989 0.120641 -1.12996 -2.05618 0.248284 0.0781577 0.020123 
110.181 8000 0.0865585 0.0880583 0.0926121 1.22204 0.147806 0.0534086 0 25 -10 
0.562566 -5.3401 -0.000524781 -3.50393 0.0435795 0.905516 0.419634 -0.1 1.53721 -1.75725 4.80769 -0.439522 3.11008 0.101073 -1.13954 -2.06003 0.250856 0.0841922 0.0231523 
110.129 8000 0.0879817 0.0893202 0.0934061 1.22204 0.131919 0.0534722 0 25 -10 
0.569279 -5.3462 -0.000452792 -3.54798 0.0390805 0.902697 0.407433 -0.1 1.51124 -1.75487 4.8082 -0.475612 3.12046 0.0809268 -1.14968 -2.06404 0.253469 0.0904217 0.0262761 
110.046 8000 0.0892733 0.0904656 0.0941267 1.22204 0.1175 0.0535299 0 25 -10 
0.575953 -5.35209 -0.000390335 -3.59279 0.0345034 0.899844 0.395162 -0.1 1.48497 -1.75263 4.80871 -0.512297 3.13089 0.0604625 -1.1602 -2.06817 0.256094 0.096763 0.0294533 
109.922 8000 0.0904422 0.0915021 0.0947788 1.22204 0.104453 0.0535821 0 25 -10 
0.582534 -5.35775 -0.000336204 -3.63782 0.0299036 0.896988 0.382946 -0.1 1.45868 -1.75052 4.80921 -0.549137 3.14129 0.0399215 -1.17094 -2.07235 0.258706 0.103139 0.0326455 
109.75 8000 0.0914969 0.0924374 0.0953673 1.22204 0.092679 0.0536292 0 25 -10 
0.588972 -5.36317 -0.00028934 -3.68259 0.0253315 0.894158 0.370896 -0.1 1.43265 -1.74855 4.80972 -0.585734 3.15154 0.019523 -1.18176 -2.07654 0.261281 0.109478 0.0358177 
109.522 8000 0.0924461 0.0932791 0.0958969 1.22204 0.0820837 0.0536716 0 25 -10 
0.595222 -5.36833 -0.000248806 -3.72665 0.0208317 0.891381 0.359112 -0.1 1.40711 -1.74672 4.81021 -0.621734 3.16157 -0.000538995 -1.19253 -2.08068 0.263798 0.11572 0.0389394 
109.231 8000 0.0932981 0.0940345 0.0963722 1.22204 0.0725736 0.0537097 0 25 -10 
0.60125 -5.37322 -0.000213782 -3.76963 0.0164421 0.888677 0.347678 -0.1 1.38225 -1.74501 4.81068 -0.656837 3.1713 -0.0200976 -1.20312 -2.08474 0.266238 0.12181 0.0419841 
108.872 8000 0.0940588 0.0947091 0.0967966 1.22204 0.0640822 0.0537436 0 25 -10 
0.607024 -5.37785 -0.000183548 -3.81122 0.0121948 0.886067 0.336665 -0.1 1.35826 -1.74342 4.81114 -0.690791 3.18068 -0.0390136 -1.21345 -2.08868 0.268589 0.127705 0.0449298 
108.44 8000 0.094724 0.095299 0.0971678 1.22204 0.0566569 0.0537733 0 25 -10 
0.612523 -5.38219 -0.000157472 -3.85117 0.00811553 0.883563 0.326129 -0.1 1.33526 -1.74196 4.81158 -0.723391 3.18965 -0.0571748 -1.22343 -2.09248 0.270836 0.133367 0.0477586 
107.934 8000 0.0952712 0.0957842 0.0974731 1.22204 0.0505492 0.0537978 0 25 -10 
0.617729 -5.38625 -0.000135003 -3.88928 0.00422407 0.881178 0.316112 -0.1 1.31335 -1.74061 4.812 -0.754482 3.19818 -0.0744942 -1.23301 -2.09612 0.272973 0.13877 0.050457 
107.352 8000 0.0956599 0.0961288 0.0976899 1.22204 0.0462106 0.0538151 0 25 -10 
0.622632 -5.39004 -0.000115658 -3.92541 0.000534985 0.878919 0.306643 -0.1 1.29261 -1.73937 4.8124 -0.783949 3.20624 -0.0909087 -1.24214 -2.09958 0.274992 0.143893 0.0530148 
106.695 8000 0.0958387 0.0962874 0.0977897 1.22204 0.044214 0.0538231 0 25 -10 
0.627226 -5.39356 -9.90161e-05 -3.95947 -0.00294208 0.876792 0.297741 -0.1 1.27308 -1.73823 4.81278 -0.811716 3.21382 -0.106377 -1.25077 -2.10285 0.276889 0.148722 0.0554255 
105.964 8000 0.0957541 0.0962124 0.0977424 1.22204 0.0451581 0.0538193 0 25 -10 
0.631511 -5.39681 -8.47122e-05 -3.99139 -0.00620179 0.8748 0.289414 -0.1 1.2548 -1.73719 4.81313 -0.837743 3.22091 -0.120875 -1.2589 -2.10592 0.278664 0.153249 0.0576853 
105.163 8000 0.0953577 0.0958609 0.0975212 1.22204 0.0495817 0.0538017 0 25 -10 
0.63549 -5.39981 -7.24271e-05 -4.02117 -0.00924252 0.872944 0.281662 -0.1 1.23776 -1.73625 4.81346 -0.862018 3.22751 -0.134398 -1.26651 -2.10879 0.280316 0.157473 0.0597931 
104.296 8000 0.0946121 0.0951998 0.0971051 1.22204 0.0579022 0.0537684 0 25 -10 
0.639169 -5.40257 -6.1884e-05 -4.04883 -0.0120659 0.871221 0.274476 -0.1 1.22195 -1.73539 4.81376 -0.884553 3.23363 -0.146952 -1.27359 -2.11146 0.281847 0.161396 0.0617502 
103.368 8000 0.0934941 0.0942084 0.0964812 1.22204 0.0703802 0.0537185 0 25 -10 
0.642558 -5.40509 -5.28427e-05 -4.07439 -0.014676 0.869629 0.267844 -0.1 1.20735 -1.73461 4.81404 -0.905385 3.23927 -0.158557 -1.28016 -2.11394 0.28326 0.165022 0.0635594 
102.386 8000 0.0919954 0.0928795 0.0956449 1.22204 0.0871058 0.0536516 0 25 -10 
0.645667 -5.40739 -4.50949e-05 -4.09793 -0.0170792 0.868164 0.261745 -0.1 1.19391 -1.7339 4.8143 -0.924562 3.24446 -0.169241 -1.28622 -2.11622 0.284559 0.168361 0.0652251 
101.354 8000 0.0901229 0.0912191 0.0945999 1.22204 0.108004 0.053568 0 25 -10 
0.648511 -5.40948 -3.84602e-05 -4.11952 -0.0192834 0.866821 0.256159 -0.1 1.18159 -1.73326 4.81454 -0.94215 3.24922 -0.17904 -1.29179 -2.11831 0.285749 0.171425 0.0667529 
100.282 8000 0.0878963 0.0892448 0.0933574 1.22204 0.132854 0.0534686 0 25 -10 
0.651103 -5.41138 -3.27826e-05 -4.13926 -0.0212979 0.865594 0.251059 -0.1 1.17034 -1.73269 4.81475 -0.958222 3.25356 -0.187995 -1.29689 -2.12023 0.286835 0.174224 0.0681491 
99.1749 8000 0.0853465 0.0869838 0.0919345 1.22204 0.161312 0.0533547 0 25 -10 
0.653457 -5.4131 -2.79273e-05 -4.15723 -0.0231329 0.864477 0.246418 -0.1 1.1601 -1.73217 4.81495 -0.972861 3.25751 -0.196151 -1.30154 -2.12197 0.287823 0.176774 0.0694208 
98.0405 8000 0.0825125 0.0844708 0.090353 1.22204 0.192942 0.0532282 0 25 -10 
0.65559 -5.41465 -2.3778e-05 -4.17355 -0.0247989 0.863464 0.242209 -0.1 1.15081 -1.73171 4.81513 -0.98615 3.26109 -0.203556 -1.30577 -2.12356 0.28872 0.17909 0.0705753 
96.8858 8000 0.0794389 0.0817454 0.0886378 1.22204 0.227245 0.053091 0 25 -10 
0.657517 -5.41604 -2.02342e-05 -4.18832 -0.0263069 0.862546 0.238402 -0.1 1.1424 -1.7313 4.81529 -0.998179 3.26433 -0.210258 -1.30961 -2.125 0.28953 0.181186 0.0716205 
95.7174 8000 0.0761737 0.0788501 0.0868157 1.22204 0.263687 0.0529452 0 25 -10 
0.659252 -5.41729 -1.72094e-05 -4.20166 -0.0276681 0.861718 0.234968 -0.1 1.13481 -1.73093 4.81544 -1.00904 3.26725 -0.216308 -1.31307 -2.1263 0.290261 0.183078 0.0725638 
94.5418 8000 0.0727657 0.0758281 0.0849139 1.22204 0.301723 0.0527931 0 25 -10 
0.660812 -5.41842 -1.46293e-05 -4.21366 -0.0288934 0.860973 0.231879 -0.1 1.12798 -1.73061 4.81557 -1.01881 3.26988 -0.221754 -1.3162 -2.12747 0.290919 0.184782 0.0734129 
93.3651 8000 0.0692628 0.0727221 0.0829592 1.22204 0.340818 0.0526367 0 25 -10 
0.66221 -5.41942 -1.24296e-05 -4.22444 -0.0299936 0.860304 0.229108 -0.1 1.12185 -1.73031 4.81569 -1.02758 3.27224 -0.226643 -1.31901 -2.12853 0.291509 0.186311 0.0741753 
92.193 8000 0.0657106 0.0695723 0.0809769 1.22204 0.380463 0.0524781 0 25 -10 
0.66346 -5.42031 -1.05555e-05 -4.23409 -0.030979 0.859705 0.226627 -0.1 1.11636 -1.73005 4.8158 -1.03544 3.27435 -0.231022 -1.32153 -2.12947 0.292037 0.187681 0.0748581 
91.0304 8000 0.0621513 0.0664162 0.0789907 1.22204 0.420187 0.0523192 0 25 -10 
0.664575 -5.42111 -8.95966e-06 -4.24272 -0.0318595 0.85917 0.224411 -0.1 1.11146 -1.72983 4.81589 -1.04246 3.27624 -0.234935 -1.32378 -2.13031 0.292508 0.188905 0.0754682 
89.8822 8000 0.0586227 0.0632873 0.0770216 1.22204 0.459568 0.0521617 0 25 -10 
0.665569 -5.42182 -7.60146e-06 -4.25041 -0.0326445 0.858694 0.222437 -0.1 1.10709 -1.72962 4.81598 -1.04872 3.27792 -0.238424 -1.32579 -2.13106 0.292928 0.189996 0.0760122 
88.7525 8000 0.0551581 0.0602152 0.0750882 1.22204 0.498235 0.0520071 0 25 -10 
0.666451 -5.42244 -6.44616e-06 -4.25725 -0.033343 0.858269 0.220681 -0.1 1.10321 -1.72944 4.81605 -1.05429 3.27941 -0.241528 -1.32758 -2.13173 0.293302 0.190968 0.0764962 
87.6447 8000 0.0517859 0.057225 0.0732064 1.22204 0.535872 0.0518565 0 25 -10 
0.667234 -5.423 -5.46397e-06 -4.26333 -0.0339631 0.857893 0.219123 -0.1 1.09976 -1.72929 4.81612 -1.05923 3.28074 -0.244283 -1.32917 -2.13233 0.293634 0.19183 0.0769259 
86.5622 8000 0.0485294 0.0543374 0.0713892 1.22204 0.572216 0.0517111 0 25 -10 
0.667927 -5.42349 -4.62937e-06 -4.26871 -0.0345127 0.857559 0.217743 -0.1 1.0967 -1.72915 4.81618 -1.06361 3.28191 -0.246726 -1.33058 -2.13286 0.293927 0.192594 0.0773067 
85.5074 8000 0.0454075 0.0515691 0.069647 1.22204 0.607059 0.0515718 0 25 -10 
0.668539 -5.42392 -3.92055e-06 -4.27348 -0.0349988 0.857264 0.216522 -0.1 1.094 -1.72903 4.81623 -1.06749 3.28295 -0.248886 -1.33183 -2.13332 0.294187 0.19327 0.0776435 
84.4827 7999.98 0.0424344 0.0489328 0.0679879 1.22204 0.640241 0.051439 0 25 -10 
0.669079 -5.4243 -3.31884e-06 -4.27768 -0.035428 0.857003 0.215445 -0.1 1.09161 -1.72892 4.81628 -1.07091 3.28387 -0.250793 -1.33293 -2.13374 0.294416 0.193867 0.0779409 
83.4897 7999.63 0.0396203 0.0464376 0.0664176 1.22204 0.671648 0.0513134 0 25 -10 
0.669555 -5.42464 -2.8083e-06 -4.28139 -0.0358064 0.856773 0.214496 -0.1 1.08951 -1.72882 4.81632 -1.07393 3.28467 -0.252475 -1.33391 -2.1341 0.294618 0.194393 0.078203 
82.5299 7997.54 0.0369719 0.0440891 0.0649397 1.22204 0.701207 0.0511952 0 25 -10 
0.669973 -5.42493 -2.37533e-06 -4.28465 -0.0361393 0.856571 0.213661 -0.1 1.08765 -1.72874 4.81635 -1.07658 3.28539 -0.253954 -1.33476 -2.13442 0.294796 0.194856 0.0784337 
81.6043 7990.66 0.0344923 0.0418905 0.063556 1.22204 0.72888 0.0510845 0 25 -10 
0.67034 -5.42519 -2.0083e-06 -4.28752 -0.0364319 0.856394 0.212927 -0.1 1.08603 -1.72867 4.81639 -1.07891 3.28601 -0.255254 -1.33552 -2.1347 0.294952 0.195263 0.0786364 
80.7136 7974.48 0.0321823 0.0398421 0.0622669 1.22204 0.754662 0.0509814 0 25 -10 
0.670662 -5.42541 -1.69732e-06 -4.29003 -0.0366885 0.856238 0.212284 -0.1 1.0846 -1.72861 4.81641 -1.08096 3.28656 -0.256395 -1.33618 -2.13495 0.295089 0.19562 0.0788143 
79.8581 7943.72 0.03004 0.0379425 0.0610714 1.22204 0.778572 0.0508857 0 25 -10 
0.670944 -5.42561 -1.43394e-06 -4.29223 -0.0369134 0.856102 0.21172 -0.1 1.08335 -1.72855 4.81644 -1.08275 3.28704 -0.257394 -1.33676 -2.13517 0.295209 0.195932 0.07897 
79.0382 7893.13 0.0280616 0.0361882 0.0599674 1.22204 0.800651 0.0507974 0 25 -10 
0.67119 -5.42578 -1.21097e-06 -4.29416 -0.0371101 0.855982 0.211228 -0.1 1.08226 -1.7285 4.81646 -1.08432 3.28745 -0.258268 -1.33727 -2.13536 0.295313 0.196206 0.0791063 
78.2536 7818.1 0.026242 0.0345748 0.058952 1.22204 0.820959 0.0507162 0 25 -10 
0.671405 -5.42593 -1.02229e-06 -4.29584 -0.0372819 0.855878 0.210797 -0.1 1.08131 -1.72846 4.81648 -1.08569 3.28782 -0.259031 -1.33771 -2.13552 0.295405 0.196445 0.0792254 
77.5041 7715.11 0.0245747 0.0330963 0.0580216 1.22204 0.839568 0.0506417 0 25 -10 
0.671593 -5.42606 -8.6269e-07 -4.29731 -0.0374318 0.855787 0.210422 -0.1 1.08047 -1.72843 4.81649 -1.08688 3.28814 -0.259698 -1.3381 -2.13567 0.295485 0.196653 0.0793292 
76.7892 7582 0.0230523 0.0317464 0.0571721 1.22204 0.856559 0.0505738 0 25 -10 
0.671756 -5.42618 -7.27748e-07 -4.29859 -0.0375625 0.855708 0.210095 -0.1 1.07975 -1.7284 4.81651 -1.08793 3.28842 -0.260278 -1.33843 -2.13579 0.295554 0.196835 0.0794197 
76.1084 7417.97 0.0216669 0.0305179 0.0563989 1.22204 0.872021 0.0505119 0 25 -10 
0.671898 -5.42628 -6.13699e-07 -4.29971 -0.0376762 0.855639 0.20981 -0.1 1.07912 -1.72837 4.81652 -1.08883 3.28866 -0.260783 -1.33873 -2.1359 0.295615 0.196993 0.0794985 
75.4609 7223.6 0.02041 0.0294034 0.0556976 1.22204 0.886049 0.0504558 0 25 -10 
0.672022 -5.42636 -5.17344e-07 -4.30068 -0.037775 0.855579 0.209563 -0.1 1.07857 -1.72835 4.81653 -1.08962 3.28887 -0.261223 -1.33898 -2.136 0.295668 0.197131 0.079567 
74.846 7000.58 0.0192732 0.0283954 0.0550632 1.22204 0.898736 0.0504051 0 25 -10 
0.672129 -5.42644 -4.35971e-07 -4.30152 -0.0378608 0.855527 0.209348 -0.1 1.07809 -1.72833 4.81654 -1.0903 3.28905 -0.261604 -1.3392 -2.13608 0.295713 0.19725 0.0796265 
74.2626 6751.6 0.0182479 0.0274862 0.054491 1.22204 0.91018 0.0503593 0 25 -10 
0.672222 -5.4265 -3.67274e-07 -4.30225 -0.0379353 0.855482 0.209162 -0.1 1.07768 -1.72831 4.81655 -1.0909 3.28921 -0.261935 -1.3394 -2.13615 0.295753 0.197354 0.0796781 
73.7099 6480.01 0.0173256 0.0266684 0.0539763 1.22204 0.920474 0.0503181 0 25 -10 
0.672302 -5.42656 -3.09301e-07 -4.30288 -0.0379998 0.855443 0.209 -0.1 1.07732 -1.72829 4.81656 -1.09141 3.28935 -0.262222 -1.33956 -2.13621 0.295787 0.197443 0.0797228 
73.1868 6189.7 0.016498 0.0259346 0.0535145 1.22204 0.92971 0.0502812 0 25 -10 
0.672372 -5.4266 -2.60395e-07 -4.30343 -0.0380556 0.855409 0.208861 -0.1 1.07701 -1.72828 4.81656 -1.09186 3.28947 -0.26247 -1.33971 -2.13627 0.295817 0.197521 0.0797614 
72.6923 5884.75 0.0157573 0.0252777 0.0531012 1.22204 0.937977 0.0502481 0 25 -10 
0.672432 -5.42665 -2.19153e-07 -4.3039 -0.0381039 0.855379 0.20874 -0.1 1.07674 -1.72827 4.81657 -1.09224 3.28957 -0.262684 -1.33983 -2.13631 0.295843 0.197588 0.0797949 
72.2253 5569.37 0.0150958 0.0246912 0.052732 1.22204 0.94536 0.0502186 0 25 -10 
0.672484 -5.42668 -1.84386e-07 -4.30431 -0.0381456 0.855354 0.208635 -0.1 1.07651 -1.72826 4.81657 -1.09257 3.28966 -0.26287 -1.33994 -2.13635 0.295865 0.197646 0.0798238 
71.7847 5247.62 0.0145064 0.0241685 0.0524031 1.22204 0.951938 0.0501922 0 25 -10 
0.672529 -5.42671 -1.55087e-07 -4.30466 -0.0381816 0.855332 0.208545 -0.1 1.07631 -1.72825 4.81658 -1.09286 3.28974 -0.26303 -1.34003 -2.13639 0.295884 0.197696 0.0798487 
71.3693 4923.37 0.0139822 0.0237038 0.0521106 1.22204 0.957788 0.0501688 0 25 -10 
0.672567 -5.42674 -1.30405e-07 -4.30496 -0.0382127 0.855314 0.208468 -0.1 1.07614 -1.72824 4.81658 -1.09311 3.2898 -0.263168 -1.34011 -2.13642 0.295901 0.197739 0.0798702 
70.9781 4600.19 0.0135171 0.0232913 0.0518511 1.22204 0.962979 0.0501481 0 25 -10 
0.672601 -5.42676 -1.09619e-07 -4.30523 -0.0382394 0.855297 0.208401 -0.1 1.07599 -1.72824 4.81658 -1.09332 3.28986 -0.263286 -1.34018 -2.13644 0.295915 0.197777 0.0798888 
70.61 4281.25 0.0131051 0.022926 0.0516212 1.22204 0.967577 0.0501297 0 25 -10 
0.672629 -5.42678 -9.21189e-08 -4.30545 -0.0382625 0.855283 0.208343 -0.1 1.07586 -1.72823 4.81659 -1.0935 3.28991 -0.263389 -1.34024 -2.13647 0.295927 0.197809 0.0799047 
70.2639 3969.32 0.0127409 0.0226031 0.0514179 1.22204 0.971642 0.0501134 0 25 -10 
0.672654 -5.4268 -7.73909e-08 -4.30565 -0.0382823 0.855271 0.208294 -0.1 1.07575 -1.72823 4.81659 -1.09366 3.28995 -0.263477 -1.34029 -2.13649 0.295937 0.197836 0.0799184 
69.9388 3666.75 0.0124195 0.0223181 0.0512385 1.22204 0.975229 0.0500991 0 25 -10 
0.672675 -5.42681 -6.49995e-08 -4.30581 -0.0382993 0.855261 0.208251 -0.1 1.07566 -1.72822 4.81659 -1.0938 3.28999 -0.263552 -1.34034 -2.1365 0.295947 0.19786 0.0799302 
69.6335 3375.45 0.0121363 0.0220669 0.0510805 1.22204 0.97839 0.0500864 0 25 -10 
0.672693 -5.42683 -5.45771e-08 -4.30596 -0.0383139 0.855252 0.208215 -0.1 1.07558 -1.72822 4.81659 -1.09391 3.29002 -0.263617 -1.34038 -2.13652 0.295954 0.19788 0.0799404 
69.3472 3096.93 0.0118871 0.021846 0.0509415 1.22204 0.98117 0.0500753 0 25 -10 
0.672709 -5.42684 -4.58134e-08 -4.30608 -0.0383264 0.855245 0.208184 -0.1 1.07551 -1.72822 4.81659 -1.09401 3.29004 -0.263673 -1.34041 -2.13653 0.295961 0.197898 0.079949 
69.0787 2832.33 0.0116683 0.021652 0.0508194 1.22204 0.983612 0.0500656 0 25 -10 
0.672722 -5.42685 -3.84468e-08 -4.30618 -0.0383372 0.855238 0.208157 -0.1 1.07545 -1.72821 4.81659 -1.0941 3.29007 -0.263721 -1.34044 -2.13654 0.295967 0.197913 0.0799565 
68.8272 2582.43 0.0114765 0.0214819 0.0507123 1.22204 0.985754 0.050057 0 25 -10 
0.672734 -5.42685 -3.22562e-08 -4.30627 -0.0383464 0.855232 0.208134 -0.1 1.0754 -1.72821 4.81659 -1.09417 3.29009 -0.263762 -1.34046 -2.13655 0.295972 0.197925 0.0799629 
68.5917 2347.69 0.0113084 0.0213329 0.0506186 1.22204 0.987629 0.0500495 0 25 -10 
0.672743 -5.42686 -2.70554e-08 -4.30635 -0.0383543 0.855228 0.208114 -0.1 1.07535 -1.72821 4.8166 -1.09424 3.2901 -0.263797 -1.34048 -2.13656 0.295976 0.197936 0.0799683 
68.3714 2128.32 0.0111615 0.0212026 0.0505366 1.22204 0.989269 0.0500429 0 25 -10 
0.672752 -5.42687 -2.26874e-08 -4.30642 -0.038361 0.855224 0.208097 -0.1 1.07532 -1.72821 4.8166 -1.09429 3.29012 -0.263827 -1.3405 -2.13656 0.295979 0.197946 0.079973 
68.1653 1924.28 0.0110332 0.0210888 0.050465 1.22204 0.990701 0.0500372 0 25 -10 
0.672759 -5.42687 -1.90199e-08 -4.30647 -0.0383668 0.85522 0.208083 -0.1 1.07528 -1.72821 4.8166 -1.09434 3.29013 -0.263853 -1.34051 -2.13657 0.295982 0.197954 0.079977 
67.9727 1735.34 0.0109213 0.0209896 0.0504025 1.22204 0.99195 0.0500322 0 25 -10 
0.672765 -5.42688 -1.59413e-08 -4.30652 -0.0383718 0.855217 0.20807 -0.1 1.07526 -1.72821 4.8166 -1.09437 3.29014 -0.263874 -1.34053 -2.13657 0.295985 0.197961 0.0799804 
67.7928 1561.1 0.0108238 0.0209031 0.0503481 1.22204 0.993038 0.0500278 0 25 -10 
0.67277 -5.42688 -1.33578e-08 -4.30656 -0.038376 0.855215 0.20806 -0.1 1.07523 -1.72821 4.8166 -1.09441 3.29015 -0.263893 -1.34054 -2.13658 0.295987 0.197967 0.0799833 
67.6248 1401.04 0.010739 0.0208279 0.0503008 1.22204 0.993985 0.0500241 0 25 -10 
0.672775 -5.42688 -1.11903e-08 -4.3066 -0.0383796 0.855212 0.208051 -0.1 1.07521 -1.7282 4.8166 -1.09444 3.29016 -0.263909 -1.34055 -2.13658 0.295989 0.197972 0.0799858 
67.468 1254.56 0.0106652 0.0207625 0.0502596 1.22204 0.994808 0.0500208 0 25 -10 
0.672778 -5.42689 -9.37229e-09 -4.30663 -0.0383826 0.855211 0.208043 -0.1 1.0752 -1.7282 4.8166 -1.09446 3.29016 -0.263923 -1.34055 -2.13658 0.295991 0.197976 0.079988 
67.3217 1120.95 0.0106012 0.0207058 0.0502239 1.22204 0.995522 0.0500179 0 25 -10 
0.672782 -5.42689 -7.84784e-09 -4.30666 -0.0383852 0.855209 0.208037 -0.1 1.07518 -1.7282 4.8166 -1.09448 3.29017 -0.263934 -1.34056 -2.13659 0.295992 0.197979 0.0799898 
67.1853 999.487 0.0105458 0.0206566 0.0501929 1.22204 0.996141 0.0500154 0 25 -10 
0.672784 -5.42689 -6.56985e-09 -4.30668 -0.0383875 0.855208 0.208031 -0.1 1.07517 -1.7282 4.8166 -1.0945 3.29017 -0.263944 -1.34057 -2.13659 0.295993 0.197983 0.0799913 
67.0581 889.403 0.0104977 0.020614 0.0501661 1.22204 0.996678 0.0500133 0 25 -10 
0.672787 -5.42689 -5.49874e-09 -4.3067 -0.0383894 0.855206 0.208027 -0.1 1.07516 -1.7282 4.8166 -1.09452 3.29018 -0.263953 -1.34057 -2.13659 0.295994 0.197985 0.0799926 
66.9396 789.924 0.0104561 0.0205771 0.0501429 1.22204 0.997142 0.0500114 0 25 -10 
0.672789 -5.42689 -4.60124e-09 -4.30671 -0.038391 0.855205 0.208023 -0.1 1.07515 -1.7282 4.8166 -1.09453 3.29018 -0.26396 -1.34058 -2.13659 0.295995 0.197987 0.0799937 
66.8292 700.275 0.0104201 0.0205452 0.0501228 1.22204 0.997543 0.0500098 0 25 -10 
0.672791 -5.42689 -3.84939e-09 -4.30673 -0.0383923 0.855205 0.208019 -0.1 1.07514 -1.7282 4.8166 -1.09454 3.29018 -0.263966 -1.34058 -2.13659 0.295996 0.197989 0.0799947 
66.7264 619.697 0.0103891 0.0205177 0.0501055 1.22204 0.99789 0.0500084 0 25 -10 
0.672792 -5.42689 -3.2197e-09 -4.30674 -0.0383935 0.855204 0.208016 -0.1 1.07514 -1.7282 4.8166 -1.09455 3.29019 -0.263971 -1.34058 -2.13659 0.295997 0.197991 0.0799955 
66.6307 547.453 0.0103623 0.0204939 0.0500906 1.22204 0.998189 0.0500072 0 25 -10 
0.672793 -5.4269 -2.69245e-09 -4.30675 -0.0383945 0.855203 0.208014 -0.1 1.07513 -1.7282 4.8166 -1.09456 3.29019 -0.263976 -1.34059 -2.13659 0.295997 0.197992 0.0799962 
66.5415 482.834 0.0103392 0.0204734 0.0500777 1.22204 0.998447 0.0500062 0 25 -10 
0.672794 -5.4269 -2.25107e-09 -4.30675 -0.0383953 0.855203 0.208012 -0.1 1.07513 -1.7282 4.8166 -1.09456 3.29019 -0.263979 -1.34059 -2.1366 0.295998 0.197994 0.0799968 
66.4586 425.167 0.0103193 0.0204558 0.0500666 1.22204 0.998669 0.0500053 0 25 -10 
0.672795 -5.4269 -1.88166e-09 -4.30676 -0.0383961 0.855202 0.20801 -0.1 1.07512 -1.7282 4.8166 -1.09457 3.29019 -0.263982 -1.34059 -2.1366 0.295998 0.197995 0.0799973 
66.3814 373.814 0.0103022 0.0204406 0.050057 1.22204 0.99886 0.0500046 0 25 -10 
0.672796 -5.4269 -1.57255e-09 -4.30677 -0.0383967 0.855202 0.208008 -0.1 1.07512 -1.7282 4.8166 -1.09457 3.29019 -0.263985 -1.34059 -2.1366 0.295998 0.197995 0.0799977 
66.3095 328.179 0.0102874 0.0204275 0.0500488 1.22204 0.999024 0.0500039 0 25 -10 
0.672797 -5.4269 -1.31396e-09 -4.30677 -0.0383972 0.855202 0.208007 -0.1 1.07512 -1.7282 4.8166 -1.09458 3.29019 -0.263987 -1.34059 -2.1366 0.295999 0.197996 0.079998 
66.2426 287.704 0.0102748 0.0204163 0.0500417 1.22204 0.999165 0.0500033 0 25 -10 
0.672797 -5.4269 -1.09767e-09 -4.30678 -0.0383976 0.855201 0.208006 -0.1 1.07511 -1.7282 4.8166 -1.09458 3.29019 -0.263989 -1.34059 -2.1366 0.295999 0.197997 0.0799983 
66.1804 251.875 0.0102639 0.0204067 0.0500357 1.22204 0.999287 0.0500029 0 25 -10 
0.672798 -5.4269 -9.16811e-10 -4.30678 -0.038398 0.855201 0.208005 -0.1 1.07511 -1.7282 4.8166 -1.09458 3.2902 -0.263991 -1.34059 -2.1366 0.295999 0.197997 0.0799986 
66.1225 220.214 0.0102546 0.0203984 0.0500305 1.22204 0.999391 0.0500024 0 25 -10 
0.672798 -5.4269 -7.65602e-10 -4.30678 -0.0383983 0.855201 0.208004 -0.1 1.07511 -1.7282 4.8166 -1.09459 3.2902 -0.263992 -1.3406 -2.1366 0.295999 0.197998 0.0799988 
66.0686 192.286 0.0102466 0.0203913 0.050026 1.22204 0.99948 0.0500021 0 25 -10 
0.672798 -5.4269 -6.39211e-10 -4.30679 -0.0383986 0.855201 0.208004 -0.1 1.07511 -1.7282 4.8166 -1.09459 3.2902 -0.263994 -1.3406 -2.1366 0.295999 0.197998 0.079999 
66.0184 167.691 0.0102398 0.0203853 0.0500222 1.22204 0.999556 0.0500018 0 25 -10 
0.672799 -5.4269 -5.33586e-10 -4.30679 -0.0383988 0.855201 0.208003 -0.1 1.07511 -1.7282 4.8166 -1.09459 3.2902 -0.263995 -1.3406 -2.1366 0.295999 0.197998 0.0799992 
65.9717 146.067 0.0102339 0.0203801 0.0500189 1.22204 0.999622 0.0500015 0 25 -10 
0.672799 -5.4269 -4.45333e-10 -4.30679 -0.038399 0.855201 0.208003 -0.1 1.07511 -1.7282 4.8166 -1.09459 3.2902 -0.263995 -1.3406 -2.1366 0.295999 0.197999 0.0799993 
65.9281 127.083 0.0102289 0.0203756 0.0500161 1.22204 0.999678 0.0500013 0 25 -10 
0.672799 -5.4269 -3.71609e-10 -4.30679 -0.0383991 0.855201 0.208002 -0.1 1.0751 -1.7282 4.8166 -1.09459 3.2902 -0.263996 -1.3406 -2.1366 0.296 0.197999 0.0799994 
65.8876 110.442 0.0102246 0.0203718 0.0500137 1.22204 0.999725 0.0500011 0 25 -10 
0.672799 -5.4269 -3.10034e-10 -4.30679 -0.0383993 0.8552 0.208002 -0.1 1.0751 -1.7282 4.8166 -1.09459 3.2902 -0.263997 -1.3406 -2.1366 0.296 0.197999 0.0799995 
65.8498 95.8748 0.0102209 0.0203686 0.0500117 1.22204 0.999766 0.0500009 0 25 -10 
0.672799 -5.4269 -2.58617e-10 -4.30679 -0.0383994 0.8552 0.208002 -0.1 1.0751 -1.7282 4.8166 -1.0946 3.2902 -0.263997 -1.3406 -2.1366 0.296 0.197999 0.0799996 
65.8145 83.1414 0.0102178 0.0203658 0.0500099 1.22204 0.999801 0.0500008 0 25 -10 
0.672799 -5.4269 -2.15689e-10 -4.30679 -0.0383995 0.8552 0.208001 -0.1 1.0751 -1.7282 4.8166 -1.0946 3.2902 -0.263998 -1.3406 -2.1366 0.296 0.197999 0.0799996 
65.7816 72.0252 0.0102152 0.0203634 0.0500085 1.22204 0.999831 0.0500007 0 25 -10 
0.672799 -5.4269 -1.79855e-10 -4.3068 -0.0383996 0.8552 0.208001 -0.1 1.0751 -1.7282 4.8166 -1.0946 3.2902 -0.263998 -1.3406 -2.1366 0.296 0.197999 0.0799997 
65.7509 62.3333 0.0102129 0.0203614 0.0500072 1.22204 0.999856 0.0500006 0 25 -10 
0.6728 -5.4269 -1.4995e-10 -4.3068 -0.0383996 0.8552 0.208001 -0.1 1.0751 -1.7282 4.8166 -1.0946 3.2902 -0.263998 -1.3406 -2.1366 0.296 0.197999 0.0799997 
65.7222 53.8935 0.0102109 0.0203597 0.0500061 1.22204 0.999878 0.0500005 0 25 -10 
0.6728 -5.4269 -1.24995e-10 -4.3068 -0.0383997 0.8552 0.208001 -0.1 1.0751 -1.7282 4.8166 -1.0946 3.2902 -0.263999 -1.3406 -2.1366 0.296 0.198 0.0799998 
65.6953 46.5527 0.0102093 0.0203582 0.0500052 1.22204 0.999896 0.0500004 0 25 -10 
0.6728 -5.4269 -1.04177e-10 -4.3068 -0.0383997 0.8552 0.208001 -0.1 1.0751 -1.7282 4.8166 -1.0946 3.2902 -0.263999 -1.3406 -2.1366 0.296 0.198 0.0799998 
65.6702 40.1753 0.0102079 0.020357 0.0500044 1.22204 0.999912 0.0500004 0 25 -10 
0.6728 -5.4269 -8.68115e-11 -4.3068 -0.0383998 0.8552 0.208001 -0.1 1.0751 -1.7282 4.8166 -1.0946 3.2902 -0.263999 -1.3406 -2.1366 0.296 0.198 0.0799998 
65.6466 34.6409 0.0102067 0.0203559 0.0500037 1.22204 0.999925 0.0500003 0 25 -10 
0.6728 -5.4269 -7.23291e-11 -4.3068 -0.0383998 0.8552 0.208 -0.1 1.0751 -1.7282 4.8166 -1.0946 3.2902 -0.263999 -1.3406 -2.1366 0.296 0.198 0.0799999 
65.6246 29.8432 0.0102057 0.020355 0.0500032 1.22204 0.999937 0.0500003 0 25 -10 
0.6728 -5.4269 -6.02531e-11 -4.3068 -0.0383998 0.8552 0.208 -0.1 1.0751 -1.7282 4.8166 -1.0946 3.2902 -0.263999 -1.3406 -2.1366 0.296 0.198 0.0799999 
65.6038 25.6885 0.0102048 0.0203543 0.0500027 1.22204 0.999946 0.0500002 0 25 -10 
0.6728 -5.4269 -5.01854e-11 -4.3068 -0.0383999 0.8552 0.208 -0.1 1.0751 -1.7282 4.8166 -1.0946 3.2902 -0.263999 -1.3406 -2.1366 0.296 0.198 0.0799999 
65.5844 22.0943 0.0102041 0.0203536 0.0500023 1.22204 0.999955 0.0500002 0 25 -10 
0.6728 -5.4269 -4.17935e-11 -4.3068 -0.0383999 0.8552 0.208 -0.1 1.0751 -1.7282 4.8166 -1.0946 3.2902 -0.264 -1.3406 -2.1366 0.296 0.198 0.0799999 
65.566 18.9879 0.0102034 0.0203531 0.0500019 1.22204 0.999962 0.0500002 0 25 -10 
0.6728 -5.4269 -3.47994e-11 -4.3068 -0.0383999 0.8552 0.208 -0.1 1.0751 -1.7282 4.8166 -1.0946 3.2902 -0.264 -1.3406 -2.1366 0.296 0.198 0.0799999 
65.5487 16.3057 0.0102029 0.0203526 0.0500016 1.22204 0.999967 0.0500001 0 25 -10 
0.6728 -5.4269 -2.89714e-11 -4.3068 -0.0383999 0.8552 0.208 -0.1 1.0751 -1.7282 4.8166 -1.0946 3.2902 -0.264 -1.3406 -2.1366 0.296 0.198 0.0799999 
65.5324 13.9919 0.0102025 0.0203522 0.0500014 1.22204 0.999972 0.0500001 0 25 -10 
0.6728 -5.4269 -2.41158e-11 -4.3068 -0.0383999 0.8552 0.208 -0.1 1.0751 -1.7282 4.8166 -1.0946 3.2902 -0.264 -1.3406 -2.1366 0.296 0.198 0.08 
65.517 11.9977 0.0102021 0.0203519 0.0500012 1.22204 0.999977 0.0500001 0 25 -10 
0.6728 -5.4269 -2.00711e-11 -4.3068 -0.0383999 0.8552 0.208 -0.1 1.0751 -1.7282 4.8166 -1.0946 3.2902 -0.264 -1.3406 -2.1366 0.296 0.198 0.08 
