# The first two lines (below the comment lines) indicate the name of the vocal fold model and the number of states.
# The following lines contain the control parameters of the vocal folds and the vocal tract (states)
# in steps of 110 audio samples (corresponding to about 2.5 ms for the sampling rate of 44100 Hz).
# For every step, there is one line with the vocal fold parameters followed by
# one line with the vocal tract parameters.
#
Geometric glottis
292
94.1771 0 0.0102 0.02035 0.05 1.22204 1 0.05 0 25 -10 
1 -6 0 -3.8826 1 0.3446 0.5872 0.5 0.5154 -0.9786 3.2438 -0.7467 1.8387 0.6311 -0.4071 -2.6017 0.292 0 0 
94.1771 0 0.0102 0.02035 0.05 1.22204 1 0.05 0 25 -10 
1 -6 0 -3.8826 1 0.3446 0.5872 0.5 0.5154 -0.9786 3.2438 -0.7467 1.8387 0.6311 -0.4071 -2.6017 0.292 0 0 
94.1771 0 0.0102 0.02035 0.05 1.22204 1 0.05 0 25 -10 
1 -6 0 -3.8826 1 0.3446 0.5872 0.5 0.5154 -0.9786 3.2438 -0.7467 1.8387 0.6311 -0.4071 -2.6017 0.292 0 0 
94.1771 0 0.0102 0.02035 0.05 1.22204 1 0.05 0 25 -10 
1 -6 0 -3.8826 1 0.3446 0.5872 0.5 0.5154 -0.9786 3.2438 -0.7467 1.8387 0.6311 -0.4071 -2.6017 0.292 0 0 
94.1771 0 0.0102 0.02035 0.05 1.22204 1 0.05 0 25 -10 
1 -6 0 -3.8826 1 0.3446 0.5872 0.5 0.5154 -0.9786 3.2438 -0.7467 1.8387 0.6311 -0.4071 -2.6017 0.292 0 0 
94.1771 1.36131 0.0102 0.02035 0.05 1.22204 1 0.05 0 25 -10 
1 -6 0 -3.8826 0.999999 0.344599 0.5872 0.5 0.5154 -0.978601 3.2438 -0.746701 1.8387 0.631098 -0.407101 -2.6017 0.292 3.77374e-23 1.50949e-22 
94.1771 28.8992 0.0102 0.02035 0.05 1.22204 1 0.05 0 25 -10 
0.999987 -6 0 -3.88253 0.999971 0.344571 0.5872 0.5 0.51541 -0.978639 3.2438 -0.746733 1.83872 0.631054 -0.407137 -2.60169 0.292 1.01467e-21 4.05868e-21 
94.1772 146.713 0.0102 0.02035 0.05 1.22204 1 0.05 0 25 -10 
0.999915 -6 0 -3.88213 0.999814 0.344413 0.587203 0.5 0.515467 -0.978846 3.2438 -0.746913 1.83884 0.630803 -0.407335 -2.60164 0.292 6.4898e-21 2.59592e-20 
94.1781 416.279 0.0102 0.02035 0.05 1.22204 1 0.05 0 25 -10 
0.999697 -6 0 -3.88094 0.999339 0.343936 0.587211 0.5 0.515637 -0.979476 3.24379 -0.747457 1.83921 0.630045 -0.407936 -2.6015 0.292 2.30715e-20 9.22859e-20 
94.1813 861.405 0.0102 0.02035 0.05 1.22204 1 0.05 0 25 -10 
0.99922 -6 0 -3.87832 0.998297 0.342888 0.587228 0.5 0.51601 -0.980857 3.24377 -0.74865 1.84001 0.628381 -0.409254 -2.60119 0.292 5.94689e-20 2.37875e-19 
94.19 1464.12 0.0102 0.02035 0.05 1.22204 1 0.05 0 25 -10 
0.998359 -6 0 -3.8736 0.996416 0.340999 0.587259 0.5 0.516683 -0.983349 3.24374 -0.750803 1.84146 0.62538 -0.411631 -2.60063 0.292 1.25119e-19 5.00476e-19 
94.2082 2178.52 0.0102 0.02035 0.05 1.22204 1 0.05 0 25 -10 
0.996998 -6 0 -3.86613 0.993444 0.338012 0.587307 0.5 0.517747 -0.987287 3.24368 -0.754206 1.84374 0.620636 -0.41539 -2.59975 0.292 2.28898e-19 9.15591e-19 
94.2409 2948.27 0.0102 0.02035 0.05 1.22204 1 0.05 0 25 -10 
0.995041 -6 0 -3.8554 0.989169 0.333717 0.587377 0.5 0.519277 -0.992951 3.24361 -0.7591 1.84703 0.613814 -0.420795 -2.59848 0.292 3.78138e-19 1.51255e-18 
94.2937 3720.36 0.0102 0.02035 0.05 1.22204 1 0.05 0 25 -10 
0.99242 -6 0 -3.84102 0.983444 0.327965 0.587471 0.5 0.521327 -1.00054 3.24351 -0.765655 1.85144 0.604677 -0.428034 -2.59678 0.292 5.78017e-19 2.31207e-18 
94.3725 4452.79 0.0102 0.02035 0.05 1.22204 1 0.05 0 25 -10 
0.989098 -6 0 -3.8228 0.97619 0.320676 0.587589 0.5 0.523924 -1.01015 3.24338 -0.773961 1.85702 0.593099 -0.437206 -2.59462 0.292 8.31285e-19 3.32514e-18 
94.4834 5117.28 0.0102 0.02035 0.05 1.22204 1 0.05 0 25 -10 
0.985072 -6 0 -3.80071 0.967397 0.311841 0.587733 0.5 0.527072 -1.0218 3.24323 -0.784028 1.86378 0.579066 -0.448324 -2.59201 0.292 1.13827e-18 4.55309e-18 
94.6319 5698.52 0.0102 0.02035 0.05 1.22204 1 0.05 0 25 -10 
0.980366 -6 0 -3.7749 0.957119 0.301514 0.587901 0.5 0.530751 -1.03542 3.24304 -0.795795 1.87169 0.562663 -0.461319 -2.58895 0.292 1.4971e-18 5.98838e-18 
94.8234 6191.7 0.0102 0.02035 0.05 1.22204 1 0.05 0 25 -10 
0.97503 -6 0 -3.74562 0.945464 0.289803 0.588092 0.5 0.534923 -1.05086 3.24284 -0.809138 1.88065 0.544062 -0.476055 -2.58548 0.292 1.90399e-18 7.61597e-18 
95.0626 6599.52 0.0102 0.02035 0.05 1.22204 1 0.05 0 25 -10 
0.969132 -6 0 -3.71327 0.932583 0.27686 0.588302 0.5 0.539535 -1.06793 3.24261 -0.823887 1.89056 0.523504 -0.492343 -2.58165 0.292 2.35372e-18 9.41488e-18 
95.3534 6929.4 0.0102 0.02035 0.05 1.22204 1 0.05 0 25 -10 
0.962755 -6 0 -3.67829 0.918655 0.262866 0.58853 0.5 0.544521 -1.08639 3.24237 -0.839833 1.90128 0.501275 -0.509953 -2.57751 0.292 2.83998e-18 1.13599e-17 
95.6989 7191.18 0.0102 0.02035 0.05 1.22204 1 0.05 0 25 -10 
0.95599 -6 0 -3.64117 0.90388 0.24802 0.588772 0.5 0.54981 -1.10596 3.24211 -0.856749 1.91265 0.477694 -0.528635 -2.57312 0.292 3.35582e-18 1.34233e-17 
96.1017 7395.46 0.0102 0.02035 0.05 1.22204 1 0.05 0 25 -10 
0.948932 -6 0 -3.60246 0.888465 0.232532 0.589024 0.5 0.555328 -1.12639 3.24184 -0.874397 1.9245 0.453093 -0.548125 -2.56853 0.292 3.89398e-18 1.55759e-17 
96.5631 7552.55 0.0102 0.02035 0.05 1.22204 1 0.05 0 25 -10 
0.941677 -6 0 -3.56266 0.872619 0.21661 0.589283 0.5 0.561001 -1.14738 3.24156 -0.89254 1.9367 0.427802 -0.568161 -2.56382 0.292 4.44723e-18 1.77889e-17 
97.0841 7671.76 0.0102 0.02035 0.05 1.22204 1 0.05 0 25 -10 
0.934315 -6 0 -3.52227 0.856539 0.200454 0.589546 0.499996 0.566757 -1.16869 3.24127 -0.910949 1.94907 0.40214 -0.588492 -2.55904 0.292 5.0086e-18 2.00344e-17 
97.6647 7761.19 0.0102 0.02035 0.05 1.22204 1 0.05 0 25 -10 
0.926932 -6 0 -3.48177 0.840414 0.184251 0.58981 0.499935 0.57253 -1.19006 3.24099 -0.929411 1.96147 0.376405 -0.608881 -2.55425 0.292 5.57158e-18 2.22863e-17 
98.304 7827.55 0.0102 0.02035 0.05 1.22204 1 0.05 0 25 -10 
0.919605 -6 0 -3.44158 0.824412 0.168173 0.590071 0.49964 0.578258 -1.21126 3.24071 -0.947732 1.97378 0.350866 -0.629114 -2.54949 0.292 6.13025e-18 2.4521e-17 
99.001 7876.34 0.0102 0.02035 0.05 1.22204 1 0.05 0 25 -10 
0.912403 -6 0 -3.40207 0.808683 0.152368 0.590328 0.49881 0.583889 -1.2321 3.24043 -0.96574 1.98588 0.325762 -0.649002 -2.54481 0.292 6.6794e-18 2.67176e-17 
99.7535 7911.89 0.0102 0.02035 0.05 1.22204 1 0.05 0 25 -10 
0.905385 -6 0 -3.36357 0.793355 0.136968 0.590579 0.497059 0.589376 -1.25241 3.24016 -0.983289 1.99767 0.3013 -0.668382 -2.54025 0.292 7.21452e-18 2.88581e-17 
100.559 7937.6 0.0102 0.02035 0.05 1.22204 1 0.05 0 25 -10 
0.898601 -6 0 -3.32635 0.778537 0.122078 0.590821 0.493982 0.594681 -1.27205 3.2399 -1.00025 2.00907 0.277651 -0.687118 -2.53585 0.292 7.73186e-18 3.09275e-17 
101.415 7956.05 0.0102 0.02035 0.05 1.22204 1 0.05 0 25 -10 
0.892089 -6 0 -3.29063 0.764316 0.107789 0.591054 0.489203 0.599772 -1.29089 3.23965 -1.01654 2.02001 0.254954 -0.7051 -2.53162 0.292 8.22837e-18 3.29135e-17 
102.318 7969.2 0.0102 0.02035 0.05 1.22204 1 0.05 0 25 -10 
0.885893 -6 0 -3.25664 0.750782 0.094191 0.591275 0.482418 0.604617 -1.30882 3.23941 -1.03203 2.03043 0.233355 -0.722212 -2.52759 0.292 8.70086e-18 3.48034e-17 
103.265 7978.53 0.0102 0.02035 0.05 1.22204 1 0.05 0 25 -10 
0.880078 -6 0 -3.22474 0.738083 0.0814313 0.591483 0.473422 0.609163 -1.32565 3.23919 -1.04657 2.04019 0.213087 -0.738268 -2.52382 0.292 9.14421e-18 3.65769e-17 
104.251 7985.09 0.0102 0.02035 0.05 1.22204 1 0.05 0 25 -10 
0.874745 -6 0 -3.19549 0.726435 0.0697274 0.591673 0.462109 0.613333 -1.34108 3.23898 -1.05991 2.04916 0.194497 -0.752996 -2.52035 0.292 9.55088e-18 3.82035e-17 
105.272 7989.7 0.0102 0.02035 0.05 1.22204 1 0.05 0 25 -10 
0.870014 -6 0 -3.16953 0.716101 0.0593441 0.591842 0.448483 0.617032 -1.35477 3.2388 -1.07174 2.05711 0.178004 -0.766063 -2.51728 0.292 9.91167e-18 3.96467e-17 
106.325 7992.91 0.0102 0.02035 0.05 1.22204 1 0.05 0 25 -10 
0.866009 -6 0 -3.14756 0.707355 0.0505562 0.591985 0.432638 0.620163 -1.36636 3.23865 -1.08175 2.06383 0.164046 -0.777121 -2.51468 0.292 1.0217e-17 4.08681e-17 
107.404 7995.13 0.0102 0.02035 0.05 1.22204 1 0.05 0 25 -10 
0.862846 -6 0 -3.13021 0.700446 0.043614 0.592098 0.414747 0.622637 -1.37552 3.23852 -1.08966 2.06915 0.153019 -0.785857 -2.51263 0.292 1.04582e-17 4.18329e-17 
108.506 7996.67 0.0102 0.02035 0.05 1.22204 1 0.05 0 25 -10 
0.860614 -6 0 -3.11797 0.695571 0.0387156 0.592178 0.395044 0.624382 -1.38198 3.23844 -1.09524 2.0729 0.145239 -0.792021 -2.51118 0.292 1.06284e-17 4.25138e-17 
109.626 7997.73 0.0102 0.02035 0.05 1.22204 1 0.05 0 25 -10 
0.859372 -6 0 -3.11115 0.692859 0.0359909 0.592222 0.373808 0.625353 -1.38557 3.23839 -1.09835 2.07499 0.140911 -0.79545 -2.51037 0.292 1.07231e-17 4.28925e-17 
110.76 7998.46 0.0102 0.02035 0.05 1.22204 1 0.05 0 25 -10 
0.859146 -6 0 -3.10991 0.692365 0.0354946 0.592231 0.351341 0.625529 -1.38623 3.23838 -1.09891 2.07537 0.140122 -0.796074 -2.51022 0.292 1.07404e-17 4.29614e-17 
111.903 7998.96 0.0102 0.02035 0.05 1.22204 1 0.05 0 25 -10 
0.859926 -6 0 -3.1142 0.69407 0.0372075 0.592203 0.327958 0.624919 -1.38397 3.23841 -1.09696 2.07405 0.142843 -0.793919 -2.51073 0.292 1.06808e-17 4.27234e-17 
113.051 7999.3 0.0102 0.02035 0.05 1.22204 1 0.05 0 25 -10 
0.861674 -6 0 -3.12378 0.697887 0.0410432 0.59214 0.30397 0.623553 -1.37891 3.23848 -1.09259 2.07112 0.148936 -0.789092 -2.51186 0.292 1.05476e-17 4.21903e-17 
114.201 7999.53 0.0102 0.02035 0.05 1.22204 1 0.05 0 25 -10 
0.864324 -6 0 -3.13832 0.703675 0.046859 0.592046 0.279676 0.62148 -1.37124 3.23858 -1.08596 2.06666 0.158173 -0.781774 -2.51359 0.292 1.03455e-17 4.13819e-17 
115.348 7999.68 0.0102 0.02035 0.05 1.22204 1 0.05 0 25 -10 
0.867792 -6 0 -3.15734 0.711248 0.0544678 0.591922 0.255353 0.61877 -1.36121 3.23872 -1.07729 2.06084 0.170259 -0.772199 -2.51584 0.292 1.00811e-17 4.03244e-17 
116.489 7999.79 0.0102 0.02035 0.05 1.22204 1 0.05 0 25 -10 
0.871976 -6 0 -3.1803 0.720388 0.063651 0.591772 0.231253 0.615498 -1.3491 3.23888 -1.06683 2.05381 0.184846 -0.760643 -2.51855 0.292 9.76202e-18 3.90481e-17 
117.62 7999.86 0.0102 0.02035 0.05 1.22204 1 0.05 0 25 -10 
0.87677 -6 0 -3.2066 0.730858 0.0741713 0.591601 0.207596 0.61175 -1.33522 3.23906 -1.05484 2.04575 0.201556 -0.747404 -2.52167 0.292 9.39648e-18 3.75859e-17 
118.738 7999.91 0.0102 0.02035 0.05 1.22204 1 0.05 0 25 -10 
0.882061 -6 0 -3.23562 0.742414 0.0857826 0.591412 0.184572 0.607613 -1.31991 3.23926 -1.04161 2.03686 0.219999 -0.732793 -2.5251 0.292 8.99302e-18 3.59721e-17 
119.84 7999.94 0.0102 0.02035 0.05 1.22204 1 0.05 0 25 -10 
0.887738 -6 0 -3.26676 0.754813 0.0982406 0.591209 0.162339 0.603174 -1.30348 3.23948 -1.02742 2.02732 0.239787 -0.717116 -2.52879 0.292 8.56015e-18 3.42406e-17 
120.923 7999.96 0.0102 0.02035 0.05 1.22204 1 0.05 0 25 -10 
0.893693 -6 0 -3.29943 0.767819 0.111309 0.590997 0.141022 0.598518 -1.28625 3.23971 -1.01253 2.01732 0.260545 -0.70067 -2.53266 0.292 8.10605e-18 3.24242e-17 
121.986 7999.97 0.0102 0.02035 0.05 1.22204 1 0.05 0 25 -10 
0.899826 -6 0 -3.33308 0.781214 0.124768 0.590778 0.120718 0.593723 -1.2685 3.23995 -0.997189 2.00701 0.281923 -0.683734 -2.53664 0.292 7.6384e-18 3.05536e-17 
123.025 7999.98 0.0102 0.02035 0.05 1.22204 1 0.05 0 25 -10 
0.906045 -6 0 -3.36719 0.794796 0.138415 0.590556 0.101496 0.588861 -1.2505 3.24019 -0.98164 1.99657 0.303599 -0.666561 -2.54068 0.292 7.16423e-18 2.86569e-17 
124.039 7999.99 0.0102 0.02035 0.05 1.22204 1 0.05 0 25 -10 
0.912267 -6 0 -3.40132 0.808385 0.152069 0.590333 0.0834005 0.583996 -1.2325 3.24043 -0.966081 1.98611 0.325287 -0.649379 -2.54472 0.292 6.6898e-18 2.67592e-17 
125.026 7999.99 0.0102 0.02035 0.05 1.22204 1 0.05 0 25 -10 
0.91842 -6 0 -3.43508 0.821824 0.165573 0.590114 0.0664548 0.579185 -1.21469 3.24066 -0.950694 1.97577 0.346736 -0.632386 -2.54872 0.292 6.22059e-18 2.48824e-17 
125.984 7999.99 0.0102 0.02035 0.05 1.22204 1 0.05 0 25 -10 
0.924444 -6 0 -3.46812 0.834981 0.178792 0.589898 0.0506628 0.574475 -1.19726 3.24089 -0.935631 1.96565 0.367734 -0.61575 -2.55263 0.292 5.76125e-18 2.3045e-17 
126.913 8000 0.0102 0.02035 0.05 1.22204 1 0.05 0 25 -10 
0.930288 -6 0 -3.50018 0.847744 0.191617 0.58969 0.036013 0.569906 -1.18034 3.24112 -0.921018 1.95583 0.388104 -0.599612 -2.55643 0.292 5.31565e-18 2.12626e-17 
127.811 8000 0.0102 0.02035 0.05 1.22204 1 0.05 0 25 -10 
0.935911 -6 0 -3.53103 0.860026 0.203957 0.589489 0.0224805 0.565509 -1.16407 3.24134 -0.906957 1.94638 0.407704 -0.584084 -2.56008 0.292 4.88688e-18 1.95475e-17 
128.679 8000 0.0102 0.02035 0.05 1.22204 1 0.05 0 25 -10 
0.941282 -6 0 -3.56049 0.871756 0.215743 0.589297 0.01003 0.56131 -1.14853 3.24154 -0.893527 1.93736 0.426426 -0.569252 -2.56357 0.292 4.47734e-18 1.79094e-17 
129.514 8000 0.0102 0.02035 0.05 1.22204 1 0.05 0 25 -10 
0.946378 -6 0 -3.58844 0.882885 0.226926 0.589115 -0.00138207 0.557326 -1.13378 3.24174 -0.880785 1.9288 0.444188 -0.55518 -2.56687 0.292 4.08878e-18 1.63551e-17 
130.317 8000 0.0102 0.02035 0.05 1.22204 1 0.05 0 25 -10 
0.951183 -6 0 -3.6148 0.89338 0.237471 0.588943 -0.0118054 0.553569 -1.11987 3.24192 -0.86877 1.92072 0.460937 -0.54191 -2.57 0.292 3.72238e-18 1.48895e-17 
131.087 8000 0.0102 0.02035 0.05 1.22204 1 0.05 0 25 -10 
0.955688 -6 0 -3.63952 0.903221 0.247358 0.588783 -0.0212939 0.550046 -1.10684 3.2421 -0.857503 1.91315 0.476643 -0.529468 -2.57292 0.292 3.37882e-18 1.35153e-17 
131.826 8000 0.0102 0.02035 0.05 1.22204 1 0.05 0 25 -10 
0.959891 -6 0 -3.66258 0.9124 0.256581 0.588632 -0.0299044 0.54676 -1.09467 3.24226 -0.846994 1.90609 0.491293 -0.517862 -2.57565 0.292 3.05835e-18 1.22334e-17 
132.532 8000 0.0102 0.02035 0.05 1.22204 1 0.05 0 25 -10 
0.963793 -6 0 -3.68398 0.920921 0.265144 0.588493 -0.0376947 0.543709 -1.08338 3.24241 -0.837237 1.89954 0.504893 -0.507088 -2.57819 0.292 2.76084e-18 7.82787e-07 
133.206 8000 0.0102 0.02035 0.05 1.22204 1 0.05 0 25 -10 
0.967399 -5.99997 0 -3.70375 0.928774 0.273058 0.588342 -0.0447231 0.540902 -1.07295 3.2426 -0.828206 1.89353 0.51745 -0.497157 -2.58052 0.292 2.48615e-18 3.86538e-05 
133.849 8000 0.0102 0.02035 0.05 1.22204 1 0.05 0 25 -10 
0.970718 -5.99979 0 -3.7219 0.935862 0.280352 0.588068 -0.0510472 0.53839 -1.06339 3.24313 -0.819808 1.88833 0.528934 -0.488185 -2.5826 0.291999 2.23494e-18 0.000302519 
134.46 8000 0.0102 0.02035 0.05 1.22204 1 0.05 0 25 -10 
0.97376 -5.99917 0 -3.73841 0.941963 0.287064 0.587433 -0.0567231 0.536293 -1.05474 3.2446 -0.81186 1.88447 0.539254 -0.480434 -2.58435 0.291995 2.00917e-18 0.00119872 
135.042 8000 0.0102 0.02035 0.05 1.22204 1 0.05 0 25 -10 
0.976539 -5.99771 0 -3.75323 0.946751 0.293248 0.586094 -0.0618049 0.534785 -1.04706 3.2479 -0.80411 1.88276 0.54827 -0.474294 -2.5856 0.291987 1.81192e-18 0.00331025 
135.594 8000 0.0102 0.02035 0.05 1.22204 1 0.05 0 25 -10 
0.979069 -5.99495 0 -3.76631 0.949853 0.29896 0.583658 -0.0663442 0.534064 -1.04042 3.25404 -0.796268 1.88411 0.555819 -0.470211 -2.5862 0.291971 1.64675e-18 0.0073054 
136.117 8000 0.0102 0.02035 0.05 1.22204 1 0.05 0 25 -10 
0.981364 -5.99043 0 -3.77758 0.950901 0.304261 0.579738 -0.0703901 0.534326 -1.03489 3.264 -0.788049 1.88942 0.561745 -0.468622 -2.58598 0.291945 1.51708e-18 0.0138417 
136.612 8000 0.0102 0.02035 0.05 1.22204 1 0.05 0 25 -10 
0.98344 -5.98376 0 -3.78703 0.949585 0.309206 0.574 -0.0739886 0.535737 -1.03053 3.27866 -0.779197 1.89945 0.56592 -0.469896 -2.58481 0.291906 1.42569e-18 0.0234875 
137.08 8000 0.0102 0.02035 0.05 1.22204 1 0.05 0 25 -10 
0.985313 -5.97465 0 -3.79466 0.94568 0.313847 0.566193 -0.0771828 0.538419 -1.02736 3.29866 -0.769513 1.91479 0.568263 -0.474302 -2.58258 0.291853 1.37434e-18 0.0366688 
137.522 8000 0.0102015 0.0203511 0.0500019 1.22204 1 0.0499999 0 25 -10 
0.986998 -5.96291 0 -3.80049 0.939063 0.318228 0.556166 -0.0800127 0.542442 -1.02538 3.32438 -0.758861 1.93575 0.568747 -0.481982 -2.57923 0.291785 1.36365e-18 0.053642 
137.938 8000 0.0102119 0.0203588 0.0500149 1.22204 1 0.0499991 0 25 -10 
0.988509 -5.9485 0 -3.80459 0.929719 0.322386 0.543871 -0.0825152 0.547818 -1.02457 3.35595 -0.747172 1.96244 0.567397 -0.492955 -2.57477 0.291702 1.39304e-18 0.0744881 
138.331 8000 0.0102471 0.0203851 0.050059 1.22204 1 0.0499965 0 25 -10 
0.989862 -5.93147 0 -3.80705 0.917731 0.326347 0.529357 -0.0847243 0.55451 -1.02486 3.39323 -0.734443 1.9947 0.564291 -0.507118 -2.56921 0.291604 1.46082e-18 0.0991229 
138.7 8000 0.0103304 0.0204472 0.0501634 1.22204 1 0.0499902 0 25 -10 
0.99107 -5.91197 0 -3.80801 0.903266 0.330135 0.512758 -0.0866711 0.562436 -1.02618 3.4359 -0.720724 2.0322 0.55955 -0.524269 -2.56262 0.291491 1.56435e-18 0.127318 
139.047 8000 0.0104884 0.020565 0.0503614 1.22204 1 0.0499783 0 25 -10 
0.992147 -5.89025 0 -3.8076 0.886562 0.333763 0.494274 -0.0883839 0.571477 -1.02842 3.48342 -0.706115 2.07444 0.553329 -0.544121 -2.55511 0.291365 1.70024e-18 0.15873 
139.373 8000 0.0107473 0.020758 0.0506858 1.22204 1 0.0499589 0 25 -10 
0.993104 -5.86661 0 -3.80597 0.867908 0.337241 0.474159 -0.0898885 0.581487 -1.03149 3.53515 -0.690747 2.12077 0.545807 -0.566326 -2.54679 0.291228 1.86456e-18 0.192929 
139.679 8000 0.0111298 0.0210433 0.0511652 1.22204 1 0.0499301 0 25 -10 
0.993953 -5.84138 0 -3.80329 0.847623 0.340575 0.452697 -0.0912083 0.592305 -1.03526 3.59034 -0.674777 2.17052 0.537179 -0.5905 -2.5378 0.291082 2.05306e-18 0.229426 
139.965 8000 0.0116531 0.0214335 0.051821 1.22204 1 0.0498907 0 25 -10 
0.994705 -5.81491 0 -3.79972 0.826046 0.343768 0.430193 -0.0923643 0.60376 -1.03962 3.64823 -0.658374 2.22292 0.527646 -0.616237 -2.52828 0.290929 2.26134e-18 0.267704 
140.233 8000 0.0123276 0.0219363 0.0526661 1.22204 1 0.04984 0 25 -10 
0.99537 -5.78757 0 -3.79541 0.803514 0.34682 0.406953 -0.0933753 0.615679 -1.04445 3.70802 -0.641711 2.27723 0.51741 -0.643129 -2.51838 0.290771 2.485e-18 0.307242 
140.484 8000 0.0131565 0.0225544 0.0537049 1.22204 1 0.0497777 0 25 -10 
0.995956 -5.75972 0 -3.79053 0.780356 0.349731 0.383275 -0.0942585 0.627895 -1.04963 3.76894 -0.624959 2.33273 0.506663 -0.670782 -2.50823 0.29061 2.71983e-18 0.34753 
140.718 8000 0.0141367 0.0232853 0.0549332 1.22204 1 0.049704 0 25 -10 
0.996473 -5.73168 0 -3.78521 0.756883 0.352499 0.359442 -0.0950289 0.64025 -1.05505 3.83026 -0.60828 2.38872 0.495588 -0.698824 -2.49796 0.290448 2.96184e-18 0.388086 
140.937 8000 0.0152591 0.0241222 0.0563398 1.22204 1 0.0496196 0 25 -10 
0.996927 -5.70376 0 -3.77958 0.733379 0.355124 0.335712 -0.0957002 0.652599 -1.06063 3.89131 -0.591822 2.44458 0.48435 -0.726912 -2.4877 0.290286 3.20742e-18 0.42847 
141.141 8000 0.0165102 0.025055 0.0579075 1.22204 1 0.0495256 0 25 -10 
0.997326 -5.67623 0 -3.77376 0.710096 0.357604 0.312317 -0.0962843 0.664814 -1.06627 3.95152 -0.575717 2.49973 0.473098 -0.754742 -2.47755 0.290127 3.45329e-18 0.468288 
141.331 8000 0.0178727 0.0260709 0.0596149 1.22204 1 0.0494231 0 25 -10 
0.997676 -5.64932 0 -3.76785 0.687256 0.35994 0.289455 -0.0967921 0.676782 -1.0719 4.01034 -0.560079 2.5537 0.461963 -0.78205 -2.46761 0.289971 3.69662e-18 0.5072 
141.508 8000 0.0193273 0.0271555 0.0614378 1.22204 1 0.0493137 0 25 -10 
0.997982 -5.62324 0 -3.76195 0.665045 0.362133 0.267297 -0.0972329 0.688409 -1.07746 4.06737 -0.545004 2.60606 0.451055 -0.80861 -2.45795 0.28982 9.09481e-09 0.544918 
141.673 8000 0.0208534 0.0282933 0.0633502 1.22204 1 0.049199 0 25 -10 
0.998238 -5.59814 0 -3.75609 0.643599 0.364193 0.246001 -0.0976152 0.699627 -1.08289 4.12222 -0.530569 2.65649 0.440465 -0.834255 -2.44863 0.289672 2.49384e-07 0.581205 
141.826 8000 0.0224301 0.029469 0.065326 1.22204 1 0.0490804 0 25 -10 
0.998404 -5.57407 0 -3.75024 0.622962 0.366163 0.225758 -0.0979464 0.710421 -1.0882 4.17462 -0.51684 2.70468 0.430252 -0.858907 -2.43966 0.289513 1.64264e-06 0.615877 
141.968 8000 0.0240371 0.0306672 0.0673398 1.22204 1 0.0489596 0 25 -10 
0.998396 -5.551 0 -3.74423 0.603078 0.368123 0.206811 -0.0982331 0.720832 -1.09343 4.22435 -0.503874 2.75043 0.420453 -0.882594 -2.43101 0.289318 6.00633e-06 0.648799 
142.1 8000 0.0256552 0.0318736 0.0693674 1.22204 1 0.048838 0 25 -10 
0.998096 -5.52883 0 -3.7378 0.583805 0.370184 0.18944 -0.098481 0.730952 -1.09869 4.27123 -0.491717 2.79355 0.411075 -0.905426 -2.4226 0.289052 1.58423e-05 0.679875 
142.223 8000 0.0272667 0.0330752 0.0713868 1.22204 1 0.0487168 0 25 -10 
0.99737 -5.5074 0 -3.73066 0.564954 0.372471 0.173927 -0.0986951 0.740897 -1.10408 4.31515 -0.480405 2.83391 0.402111 -0.927565 -2.41434 0.288674 3.39471e-05 0.70905 
142.337 8000 0.0288559 0.0342601 0.0733783 1.22204 1 0.0485973 0 25 -10 
0.996092 -5.48654 0 -3.72252 0.546321 0.375103 0.160529 -0.0988799 0.75079 -1.10972 4.35606 -0.469958 2.87144 0.393541 -0.949191 -2.40611 0.288146 6.30197e-05 0.736303 
142.442 8000 0.0304092 0.0354183 0.0753248 1.22204 1 0.0484805 0 25 -10 
0.994151 -5.46608 0 -3.71311 0.52772 0.378184 0.149446 -0.0990392 0.760744 -1.11572 4.39395 -0.460387 2.90611 0.385343 -0.970474 -2.39784 0.287434 0.000105349 0.761641 
142.54 8000 0.031915 0.036541 0.0772118 1.22204 1 0.0483673 0 25 -10 
0.99147 -5.44589 0 -3.70226 0.508999 0.381791 0.140809 -0.0991765 0.770849 -1.12215 4.42883 -0.451688 2.93794 0.377491 -0.991559 -2.38945 0.286514 0.00016261 0.785094 
142.63 8000 0.0333639 0.0376214 0.0790275 1.22204 1 0.0482584 0 25 -10 
0.988002 -5.42586 0 -3.68983 0.490051 0.385973 0.134677 -0.0992946 0.781167 -1.12905 4.46079 -0.443843 2.96697 0.369964 -1.01255 -2.38087 0.285372 0.000235763 0.806715 
142.714 8000 0.0347486 0.0386538 0.0807626 1.22204 1 0.0481542 0 25 -10 
0.98374 -5.40593 0 -3.67582 0.470822 0.390744 0.131029 -0.0993962 0.791727 -1.13646 4.48991 -0.436824 2.99329 0.362743 -1.0335 -2.3721 0.284005 0.000325041 0.826567 
142.791 8000 0.0360634 0.0396341 0.0824103 1.22204 1 0.0480554 0 25 -10 
0.978705 -5.38608 0 -3.66025 0.451304 0.396093 0.129781 -0.0994835 0.802533 -1.14434 4.51633 -0.430596 3.01702 0.355816 -1.05444 -2.36312 0.282418 0.000429998 0.844731 
142.862 8000 0.0373047 0.0405597 0.0839658 1.22204 1 0.0479621 0 25 -10 
0.972949 -5.36633 0 -3.64325 0.431532 0.401983 0.130789 -0.0995585 0.813559 -1.15268 4.54018 -0.425114 3.03829 0.349172 -1.07535 -2.35395 0.280627 0.000549607 0.861293 
142.928 8000 0.0384702 0.0414287 0.0854263 1.22204 1 0.0478744 0 25 -10 
0.966546 -5.3467 0 -3.62496 0.411575 0.408355 0.133864 -0.0996228 0.824762 -1.1614 4.56162 -0.420327 3.05725 0.342807 -1.09617 -2.34464 0.278652 0.000682375 0.876345 
142.989 8000 0.039559 0.0422405 0.0867907 1.22204 1 0.0477926 0 25 -10 
0.959586 -5.32726 0 -3.6056 0.391528 0.415139 0.138787 -0.099678 0.836079 -1.17044 4.5808 -0.416183 3.07407 0.336717 -1.11684 -2.33524 0.276518 0.000826466 0.889984 
143.045 8000 0.0405714 0.0429953 0.0880594 1.22204 1 0.0477164 0 25 -10 
0.952169 -5.30809 0 -3.58539 0.371505 0.422252 0.145315 -0.0997252 0.847441 -1.17972 4.5979 -0.412626 3.0889 0.330902 -1.13727 -2.32579 0.274257 0.000979825 0.902305 
143.097 8000 0.0415085 0.0436941 0.0892338 1.22204 1 0.047646 0 25 -10 
0.944403 -5.28927 0 -3.56457 0.351625 0.429607 0.153197 -0.0997657 0.858771 -1.18913 4.61309 -0.409601 3.10193 0.325364 -1.15736 -2.31638 0.271898 0.00114029 0.913406 
143.145 8000 0.0423725 0.0443383 0.0903164 1.22204 1 0.047581 0 25 -10 
0.936392 -5.27088 0 -3.54337 0.332013 0.437117 0.162183 -0.0998003 0.869992 -1.1986 4.62653 -0.407052 3.1133 0.320102 -1.17702 -2.30705 0.269472 0.00130569 0.923381 
143.189 8000 0.0431659 0.0449298 0.0913107 1.22204 1 0.0475214 0 25 -10 
0.928241 -5.25301 0 -3.52203 0.312787 0.444698 0.172029 -0.0998299 0.881028 -1.20804 4.63838 -0.404927 3.12319 0.315118 -1.19615 -2.29788 0.26701 0.0014739 0.932323 
143.228 8000 0.0438919 0.0454711 0.0922204 1.22204 1 0.0474668 0 25 -10 
0.920045 -5.23574 0 -3.50076 0.294059 0.45227 0.182506 -0.0998552 0.891812 -1.21736 4.64879 -0.403176 3.13175 0.310412 -1.21467 -2.28891 0.264539 0.00164296 0.940319 
143.262 8000 0.0445538 0.0459647 0.0930499 1.22204 1 0.047417 0 25 -10 
0.911894 -5.21913 0 -3.47976 0.275927 0.459759 0.193402 -0.0998768 0.902278 -1.2265 4.65791 -0.401751 3.13912 0.305982 -1.23249 -2.28022 0.262086 0.00181104 0.947454 
143.284 8000 0.0451552 0.0464131 0.0938035 1.22204 1 0.0473718 0 25 -10 
0.903866 -5.20324 0 -3.45921 0.258476 0.467101 0.204526 -0.0998952 0.912374 -1.23539 4.66587 -0.400608 3.14543 0.301826 -1.24956 -2.27182 0.259673 0.00197655 0.953806 
143.291 8000 0.0456963 0.0468165 0.0944815 1.22204 1 0.0473311 0 25 -10 
0.896028 -5.18812 0 -3.43926 0.241778 0.474241 0.21571 -0.0999109 0.922055 -1.24398 4.6728 -0.399708 3.15082 0.297941 -1.26582 -2.26378 0.257321 0.00213809 0.95945 
143.273 8000 0.0461699 0.0471696 0.095075 1.22204 1 0.0472955 0 25 -10 
0.888439 -5.1738 0 -3.42002 0.225886 0.481133 0.226808 -0.0999243 0.931284 -1.25222 4.67881 -0.399015 3.15539 0.29432 -1.28123 -2.25611 0.255045 0.0022945 0.964455 
143.222 8000 0.0465605 0.0474609 0.0955646 1.22204 1 0.0472661 0 25 -10 
0.881143 -5.16029 -1.15032e-09 -3.4016 0.21084 0.487739 0.237697 -0.0999358 0.940035 -1.26008 4.68401 -0.398496 3.15926 0.290957 -1.29577 -2.24883 0.252859 0.00244482 0.968885 
143.128 8000 0.046847 0.0476745 0.0959236 1.22204 1 0.0472446 0 25 -10 
0.874177 -5.14762 -1.46695e-06 -3.38408 0.196666 0.494032 0.248278 -0.0999455 0.948297 -1.26753 4.68851 -0.398125 3.16251 0.287845 -1.30942 -2.24197 0.250771 0.00259048 0.972792 
142.983 8000 0.0470062 0.0477932 0.096123 1.22204 1 0.0472326 0 25 -10 
0.867559 -5.13584 -2.1807e-05 -3.36753 0.183366 0.500017 0.25848 -0.0999537 0.956134 -1.27458 4.69237 -0.397917 3.16521 0.285004 -1.32212 -2.23547 0.248771 0.00275669 0.976148 
142.778 8000 0.0470166 0.0478009 0.096136 1.22204 1 0.0472318 0 25 -10 
0.86128 -5.12508 -0.000115993 -3.35204 0.170908 0.505762 0.268269 -0.0999608 0.963777 -1.28129 4.69568 -0.397976 3.16744 0.282507 -1.33368 -2.22918 0.246799 0.0030244 0.978743 
142.504 8000 0.0468609 0.0476849 0.095941 1.22204 1 0.0472435 0 25 -10 
0.855302 -5.11559 -0.000380605 -3.33774 0.159226 0.511399 0.277653 -0.0999668 0.971639 -1.28779 4.6985 -0.398502 3.16921 0.280497 -1.34382 -2.22283 0.24475 0.00353625 0.980167 
142.155 8000 0.0465282 0.0474368 0.095524 1.22204 1 0.0472686 0 25 -10 
0.849569 -5.10771 -0.000940707 -3.32476 0.148231 0.51711 0.28667 -0.0999718 0.980263 -1.29423 4.70087 -0.399763 3.17052 0.279156 -1.35213 -2.21605 0.24248 0.00447716 0.979868 
141.727 8000 0.0460139 0.0470533 0.0948795 1.22204 1 0.0473072 0 25 -10 
0.844013 -5.10176 -0.00193065 -3.31324 0.137819 0.523094 0.295375 -0.0999762 0.990232 -1.30079 4.70284 -0.402053 3.17139 0.278684 -1.35819 -2.20846 0.239837 0.0060459 0.977252 
141.215 8000 0.0453203 0.0465362 0.0940104 1.22204 1 0.0473594 0 25 -10 
0.838565 -5.09807 -0.00347601 -3.3033 0.127886 0.52954 0.303828 -0.0999798 1.0021 -1.30766 4.70444 -0.405645 3.1718 0.279264 -1.36162 -2.19967 0.236676 0.00842836 0.971757 
140.618 8000 0.0444558 0.0458916 0.092927 1.22204 1 0.0474244 0 25 -10 
0.833164 -5.09687 -0.00567985 -3.29502 0.118336 0.53661 0.312088 -0.0999829 1.01632 -1.31497 4.7057 -0.410764 3.17175 0.281047 -1.36211 -2.18939 0.232874 0.0117772 0.962928 
139.937 8000 0.0434337 0.0451295 0.0916463 1.22204 1 0.0475012 0 25 -10 
0.82776 -5.09834 -0.00861142 -3.28843 0.109088 0.544421 0.320204 -0.0999856 1.03321 -1.32282 4.70665 -0.417566 3.17126 0.284135 -1.35946 -2.1774 0.228351 0.0161951 0.950449 
139.173 8000 0.0422716 0.044263 0.09019 1.22204 1 0.0475886 0 25 -10 
0.822304 -5.10247 -0.0122849 -3.28345 0.100084 0.553028 0.328205 -0.0999878 1.05291 -1.33116 4.70724 -0.426126 3.17035 0.288593 -1.35353 -2.16359 0.22309 0.0217029 0.934164 
138.328 8000 0.0409896 0.0433071 0.0885834 1.22204 1 0.047685 0 25 -10 
0.816734 -5.10912 -0.0166403 -3.27983 0.0912871 0.562416 0.336097 -0.0999897 1.07529 -1.33966 4.70728 -0.436434 3.16912 0.294469 -1.34422 -2.14803 0.217171 0.0282109 0.914061 
137.408 8000 0.0396094 0.0422781 0.0868539 1.22204 1 0.0477888 0 25 -10 
0.81098 -5.11793 -0.021546 -3.27716 0.0826878 0.572501 0.343861 -0.0999913 1.1 -1.34776 4.70646 -0.448403 3.16774 0.30179 -1.33144 -2.13091 0.210763 0.0355225 0.890267 
136.418 8000 0.0381536 0.0411926 0.0850295 1.22204 1 0.0478982 0 25 -10 
0.804964 -5.12847 -0.0268184 -3.2749 0.0742942 0.583145 0.351461 -0.0999926 1.12652 -1.3547 4.70437 -0.461882 3.16637 0.310569 -1.31512 -2.11256 0.204102 0.0433641 0.863023 
135.365 8000 0.0366443 0.0400672 0.0831382 1.22204 1 0.0480117 0 25 -10 
0.798617 -5.14019 -0.0322474 -3.27247 0.0661289 0.594179 0.358847 -0.0999938 1.1542 -1.35968 4.7006 -0.476674 3.16523 0.320786 -1.29527 -2.09334 0.197455 0.0514225 0.832667 
134.255 8000 0.0351027 0.0389178 0.0812064 1.22204 1 0.0481276 0 25 -10 
0.791883 -5.15256 -0.0376197 -3.26933 0.0582221 0.605417 0.365968 -0.0999948 1.18239 -1.36194 4.69476 -0.492546 3.1645 0.332392 -1.27195 -2.07366 0.191089 0.05938 0.799608 
133.096 8000 0.0335486 0.0377591 0.0792589 1.22204 1 0.0482445 0 25 -10 
0.784729 -5.16505 -0.0427371 -3.265 0.0506074 0.616673 0.372772 -0.0999956 1.21043 -1.36083 4.68654 -0.509255 3.16434 0.345303 -1.24533 -2.05392 0.18525 0.0669417 0.764302 
131.895 8000 0.032 0.0366044 0.0773183 1.22204 1 0.0483609 0 25 -10 
0.777144 -5.17722 -0.0474295 -3.25908 0.0433176 0.627775 0.379214 -0.0999963 1.23775 -1.3559 4.67575 -0.526549 3.16488 0.359403 -1.21564 -2.03449 0.180141 0.0738551 0.727234 
130.662 8000 0.0304726 0.0354656 0.0754043 1.22204 1 0.0484757 0 25 -10 
0.76914 -5.18868 -0.0515622 -3.25134 0.0363818 0.638569 0.385258 -0.0999969 1.26385 -1.34684 4.66231 -0.544187 3.16621 0.374546 -1.1832 -2.01569 0.175919 0.0799207 0.688895 
129.403 8000 0.0289801 0.0343527 0.073534 1.22204 1 0.048588 0 25 -10 
0.760752 -5.19913 -0.0550385 -3.24162 0.0298238 0.648927 0.390875 -0.0999974 1.28833 -1.33358 4.64624 -0.561942 3.16836 0.390568 -1.14837 -1.99777 0.172687 0.0849957 0.649763 
128.126 8000 0.0275338 0.0332743 0.0717216 1.22204 1 0.0486967 0 25 -10 
0.752032 -5.20836 -0.0577991 -3.22989 0.023661 0.658747 0.396051 -0.0999978 1.3109 -1.31618 4.62768 -0.579606 3.17134 0.407287 -1.11157 -1.98095 0.170502 0.0889938 0.610296 
126.838 8000 0.026143 0.0322373 0.0699787 1.22204 1 0.0488013 0 25 -10 
0.743045 -5.21623 -0.0598192 -3.21622 0.017904 0.667955 0.400778 -0.0999981 1.33136 -1.29489 4.60684 -0.596998 3.17511 0.424516 -1.07325 -1.96535 0.16937 0.0918794 0.570914 
125.547 8000 0.0248149 0.031247 0.0683144 1.22204 1 0.0489011 0 25 -10 
0.733865 -5.22268 -0.0611034 -3.20075 0.0125569 0.676499 0.40506 -0.0999984 1.3496 -1.27005 4.584 -0.613961 3.17961 0.442065 -1.03386 -1.95109 0.169263 0.0936617 0.531998 
124.259 8000 0.0235546 0.0303074 0.0667351 1.22204 1 0.0489959 0 25 -10 
0.724572 -5.22771 -0.0616809 -3.18369 0.00761787 0.684353 0.408906 -0.0999987 1.36561 -1.24211 4.55947 -0.630364 3.18477 0.459753 -0.99383 -1.93819 0.170122 0.0943857 0.493881 
122.979 8000 0.0223658 0.029421 0.0652454 1.22204 1 0.0490853 0 25 -10 
0.715246 -5.23135 -0.0615996 -3.16528 0.00307947 0.691508 0.412334 -0.0999989 1.37941 -1.21155 4.53362 -0.646105 3.19049 0.477405 -0.9536 -1.92667 0.171861 0.0941248 0.456846 
121.714 8000 0.0212506 0.0285895 0.0638479 1.22204 1 0.0491691 0 25 -10 
0.705966 -5.23369 -0.060921 -3.14579 -0.00107008 0.69797 0.415365 -0.0999991 1.3911 -1.17889 4.5068 -0.661103 3.19667 0.494865 -0.91356 -1.91648 0.174382 0.0929724 0.421129 
120.467 8000 0.0202097 0.0278133 0.0625434 1.22204 1 0.0492474 0 25 -10 
0.696806 -5.23484 -0.0597155 -3.1255 -0.00484627 0.703762 0.418024 -0.0999992 1.4008 -1.14468 4.47935 -0.6753 3.20321 0.51199 -0.874068 -1.90758 0.177577 0.0910348 0.386919 
119.244 8000 0.0192426 0.0270923 0.0613316 1.22204 1 0.0493201 0 25 -10 
0.687833 -5.23493 -0.0580578 -3.10469 -0.00826742 0.708913 0.42034 -0.0999993 1.40867 -1.10943 4.45162 -0.688659 3.20999 0.528656 -0.83544 -1.89989 0.181331 0.088425 0.354359 
118.047 8000 0.0183482 0.0264254 0.0602108 1.22204 1 0.0493874 0 25 -10 
0.679106 -5.23407 -0.0560241 -3.08362 -0.0113538 0.713461 0.42234 -0.0999994 1.41487 -1.07362 4.42391 -0.70116 3.21692 0.544761 -0.797947 -1.89332 0.185534 0.0852575 0.323549 
116.88 8000 0.0175243 0.0258111 0.0591783 1.22204 1 0.0494493 0 25 -10 
0.670677 -5.23243 -0.0536887 -3.06253 -0.0141272 0.717448 0.424055 -0.0999995 1.41958 -1.0377 4.3965 -0.712799 3.22392 0.560219 -0.761812 -1.88777 0.190077 0.0816445 0.294555 
115.746 8000 0.0167683 0.0252474 0.058231 1.22204 1 0.0495061 0 25 -10 
0.662587 -5.23012 -0.0511225 -3.04165 -0.0166099 0.72092 0.425514 -0.0999996 1.42299 -1.00207 4.36965 -0.723583 3.23088 0.574964 -0.727217 -1.88315 0.19486 0.0776921 0.267408 
114.646 8000 0.0160772 0.0247321 0.0573649 1.22204 1 0.0495581 0 25 -10 
0.654869 -5.22728 -0.048391 -3.02117 -0.0188244 0.723922 0.426744 -0.0999997 1.42526 -0.967081 4.34355 -0.733532 3.23775 0.588947 -0.694298 -1.87936 0.199792 0.0734988 0.24211 
113.583 8000 0.0154475 0.0242626 0.0565758 1.22204 1 0.0496055 0 25 -10 
0.647548 -5.22403 -0.0455535 -3.00125 -0.0207931 0.726501 0.427772 -0.0999997 1.42657 -0.933025 4.31838 -0.742672 3.24447 0.602137 -0.663152 -1.87629 0.204788 0.0691533 0.218641 
112.558 8000 0.0148756 0.0238362 0.0558591 1.22204 1 0.0496485 0 25 -10 
0.640641 -5.22048 -0.0426625 -2.98203 -0.0225375 0.728701 0.428623 -0.0999998 1.42707 -0.900147 4.29427 -0.751037 3.25097 0.614514 -0.633841 -1.87386 0.20978 0.0647346 0.196959 
111.571 8000 0.0143578 0.0234501 0.0552102 1.22204 1 0.0496874 0 25 -10 
0.634151 -5.21671 -0.0397637 -2.96363 -0.0240786 0.730564 0.429324 -0.0999998 1.42689 -0.868643 4.27134 -0.758666 3.2572 0.626072 -0.606415 -1.87199 0.214703 0.0603107 0.177006 
110.623 8000 0.0138902 0.0231015 0.0546244 1.22204 1 0.0497225 0 25 -10 
0.628051 -5.21268 -0.0368957 -2.94617 -0.0254361 0.732132 0.429932 -0.0999998 1.42604 -0.838695 4.24965 -0.765622 3.26307 0.636801 -0.581039 -1.8707 0.219503 0.0559394 0.158712 
109.715 8000 0.0134693 0.0227877 0.0540969 1.22204 1 0.0497542 0 25 -10 
0.622244 -5.20812 -0.0340907 -2.92984 -0.0266285 0.733441 0.430559 -0.0999999 1.42433 -0.810499 4.22922 -0.772002 3.26832 0.646672 -0.558154 -1.87017 0.22412 0.0516685 0.141997 
108.846 8000 0.0130913 0.0225058 0.0536232 1.22204 1 0.0497826 0 25 -10 
0.616569 -5.20252 -0.0313745 -2.9149 -0.0276732 0.734525 0.431384 -0.0999999 1.42133 -0.784281 4.21007 -0.777942 3.2726 0.655634 -0.538492 -1.87076 0.228495 0.0475367 0.126775 
108.017 8000 0.0127538 0.0222543 0.0531995 1.22204 0.999987 0.0498081 0 25 -10 
0.610822 -5.19519 -0.0287673 -2.90165 -0.0285863 0.735416 0.432622 -0.0999999 1.41647 -0.76027 4.19216 -0.783603 3.27543 0.663623 -0.522967 -1.87298 0.232568 0.0435737 0.112957 
107.227 8000 0.0124631 0.0220392 0.0528269 1.22204 0.999855 0.0498314 0 25 -10 
0.604781 -5.18541 -0.0262844 -2.89038 -0.0293823 0.73614 0.434499 -0.0999999 1.40913 -0.738682 4.17544 -0.789148 3.27634 0.670576 -0.512535 -1.87735 0.236286 0.0398021 0.100449 
106.474 8000 0.0122426 0.0218818 0.0525163 1.22204 0.999303 0.0498539 0 25 -10 
0.598244 -5.1725 -0.0239362 -2.88134 -0.0300747 0.736723 0.437222 -0.0999999 1.39873 -0.719689 4.15986 -0.794734 3.2749 0.676439 -0.508063 -1.88436 0.239604 0.0362372 0.0891588 
105.76 8000 0.0121344 0.0218197 0.052289 1.22204 0.997831 0.0498778 0 25 -10 
0.591038 -5.15591 -0.0217295 -2.87474 -0.0306756 0.737187 0.440959 -0.0999999 1.3848 -0.703408 4.14535 -0.800492 3.27076 0.681178 -0.510225 -1.8944 0.242489 0.032889 0.0789953 
105.082 8000 0.0121924 0.0219013 0.0521731 1.22204 0.994803 0.049906 0 25 -10 
0.58304 -5.13528 -0.0196678 -2.87068 -0.0311962 0.737551 0.445826 -0.1 1.36704 -0.68989 4.13185 -0.806521 3.26368 0.684785 -0.519452 -1.90772 0.244921 0.029762 0.0698691 
104.439 8000 0.012474 0.0221777 0.0521989 1.22204 0.989551 0.0499412 0 25 -10 
0.57418 -5.11042 -0.0177515 -2.86921 -0.0316461 0.737831 0.451882 -0.1 1.3453 -0.679119 4.11929 -0.812889 3.25357 0.687276 -0.535902 -1.92445 0.246895 0.0268569 0.0616939 
103.831 8000 0.013032 0.022696 0.052394 1.22204 0.981457 0.0499862 0 25 -10 
0.564437 -5.08134 -0.0159792 -2.87026 -0.0320342 0.738042 0.459132 -0.1 1.31962 -0.671016 4.1076 -0.819629 3.24044 0.688692 -0.559474 -1.94456 0.248416 0.024171 0.0543876 
103.257 8000 0.0139088 0.0234943 0.0527807 1.22204 0.970024 0.050043 0 25 -10 
0.553842 -5.04824 -0.0143472 -2.87373 -0.0323684 0.738197 0.467529 -0.1 1.29018 -0.665451 4.09674 -0.826744 3.22442 0.689097 -0.589828 -1.96788 0.249503 0.0216986 0.0478721 
102.715 8000 0.0151328 0.0245981 0.0533733 1.22204 0.95491 0.0501132 0 25 -10 
0.54246 -5.01144 -0.0128507 -2.87944 -0.0326557 0.738305 0.476987 -0.1 1.25731 -0.662245 4.08664 -0.83421 3.20574 0.68857 -0.626429 -1.99415 0.250181 0.0194322 0.042074 
102.204 8000 0.0167171 0.0260191 0.0541777 1.22204 0.93595 0.0501977 0 25 -10 
0.530393 -4.97139 -0.0114838 -2.88717 -0.0329022 0.738377 0.487385 -0.1 1.22142 -0.661189 4.07727 -0.841984 3.18469 0.687207 -0.668589 -2.02302 0.250484 0.0173626 0.0369246 
101.723 8000 0.0186596 0.0277556 0.0551917 1.22204 0.913147 0.0502965 0 25 -10 
0.517762 -4.92862 -0.0102397 -2.89665 -0.0331134 0.73842 0.498579 -0.1 1.183 -0.662049 4.06857 -0.850007 3.16162 0.68511 -0.715516 -2.05408 0.250449 0.0154793 0.0323601 
101.27 8000 0.0209442 0.029794 0.0564052 1.22204 0.886663 0.050409 0 25 -10 
0.504703 -4.8837 -0.00911115 -2.90763 -0.033294 0.738439 0.510411 -0.1 1.14257 -0.664582 4.0605 -0.85821 3.13689 0.682385 -0.766359 -2.08689 0.250117 0.0137715 0.0283216 
100.844 8000 0.0235438 0.0321099 0.0578021 1.22204 0.856787 0.0505344 0 25 -10 
0.491358 -4.83721 -0.00809069 -2.91983 -0.0334482 0.738441 0.522719 -0.1 1.10069 -0.668541 4.05303 -0.866519 3.1109 0.679139 -0.820242 -2.12099 0.249531 0.0122275 0.0247548 
100.445 8000 0.0264219 0.0346716 0.0593612 1.22204 0.823909 0.050671 0 25 -10 
0.477869 -4.78974 -0.00717069 -2.93297 -0.0335797 0.738429 0.53534 -0.1 1.05787 -0.673682 4.04613 -0.874858 3.08404 0.675476 -0.876302 -2.15593 0.24873 0.0108358 0.0216098 
100.071 8000 0.0295362 0.0374415 0.0610579 1.22204 0.788491 0.0508171 0 25 -10 
0.464372 -4.74185 -0.00634359 -2.94679 -0.0336917 0.738408 0.548118 -0.1 1.01465 -0.679772 4.03975 -0.883155 3.05666 0.671496 -0.933717 -2.19127 0.247757 0.00958485 0.0188413 
99.7197 8000 0.0328404 0.0403786 0.0628659 1.22204 0.751038 0.0509708 0 25 -10 
0.450993 -4.69406 -0.00560197 -2.96104 -0.0337869 0.738379 0.560908 -0.1 0.971483 -0.686596 4.03388 -0.891341 3.02911 0.667291 -0.991718 -2.22663 0.246648 0.0084634 0.0164081 
99.3913 8000 0.0362868 0.043441 0.0647579 1.22204 0.712071 0.05113 0 25 -10 
0.437847 -4.64684 -0.00493866 -2.97551 -0.0338677 0.738346 0.573578 -0.1 0.928811 -0.693955 4.02847 -0.899354 3.0017 0.662944 -1.04961 -2.26163 0.245438 0.00746051 0.0142727 
99.0841 8000 0.0398284 0.0465868 0.066707 1.22204 0.672109 0.0512928 0 25 -10 
0.425033 -4.60059 -0.0043468 -2.99001 -0.0339362 0.738311 0.586013 -0.1 0.887005 -0.701669 4.02351 -0.907139 2.9747 0.658529 -1.10679 -2.29595 0.244158 0.00656579 0.0124015 
98.7971 8000 0.0434198 0.0497762 0.0686875 1.22204 0.631646 0.0514572 0 25 -10 
0.412637 -4.55568 -0.00381988 -3.00434 -0.0339942 0.738274 0.598115 -0.1 0.846387 -0.709581 4.01896 -0.914651 2.94835 0.654111 -1.16272 -2.32934 0.242837 0.00576935 0.010764 
98.5292 8000 0.0470192 0.0529721 0.0706755 1.22204 0.591144 0.0516215 0 25 -10 
0.400728 -4.51238 -0.00335177 -3.01838 -0.0340432 0.738236 0.609799 -0.1 0.807221 -0.717556 4.0148 -0.921852 2.92284 0.649745 -1.21697 -2.36156 0.241498 0.0050619 0.00933293 
98.2792 8000 0.0505887 0.0561409 0.0726496 1.22204 0.551019 0.0517839 0 25 -10 
0.38936 -4.47092 -0.00293676 -3.032 -0.0340846 0.7382 0.621002 -0.1 0.769718 -0.725479 4.01101 -0.928713 2.89832 0.645477 -1.26917 -2.39244 0.240162 0.00443478 0.00808395 
98.0462 8000 0.0540949 0.059253 0.0745908 1.22204 0.51164 0.0519431 0 25 -10 
0.378574 -4.43149 -0.00256954 -3.04511 -0.0341196 0.738164 0.631671 -0.1 0.734039 -0.733253 4.00755 -0.935212 2.87493 0.641345 -1.31905 -2.42183 0.238847 0.00387994 0.00699524 
97.8292 8000 0.0575092 0.0622832 0.0764827 1.22204 0.473319 0.0520978 0 25 -10 
0.368397 -4.3942 -0.00224522 -3.05763 -0.034149 0.73813 0.641772 -0.1 0.700295 -0.740801 4.00441 -0.941336 2.85275 0.637378 -1.36639 -2.44965 0.237566 0.00338995 0.00604737 
97.6272 8000 0.0608079 0.0652106 0.0783119 1.22204 0.436318 0.0522471 0 25 -10 
0.358845 -4.35914 -0.00195928 -3.0695 -0.0341738 0.738098 0.65128 -0.1 0.668559 -0.748063 4.00156 -0.947077 2.83184 0.633598 -1.41108 -2.47582 0.23633 0.00295803 0.00522312 
97.4394 8000 0.0639719 0.0680181 0.0800675 1.22204 0.400846 0.05239 0 25 -10 
0.349922 -4.32634 -0.00170821 -3.08071 -0.0341951 0.738071 0.660185 -0.1 0.638861 -0.755008 3.99898 -0.95244 2.81224 0.630003 -1.45301 -2.50033 0.235146 0.00258064 0.00450912 
97.2649 8000 0.0669865 0.070693 0.0817412 1.22204 0.367062 0.0525261 0 25 -10 
0.341611 -4.2959 -0.00149322 -3.09134 -0.0342176 0.738079 0.668494 -0.1 0.611183 -0.761731 3.9967 -0.957489 2.79394 0.626458 -1.49221 -2.52317 0.234 0.00227521 0.00390857 
97.1029 8000 0.0698413 0.0732259 0.0833268 1.22204 0.335081 0.0526548 0 25 -10 
0.333859 -4.268 -0.00132529 -3.10171 -0.0342536 0.738202 0.67624 -0.1 0.585438 -0.768581 3.99477 -0.962401 2.77693 0.622547 -1.52879 -2.54443 0.232844 0.00210325 0.00345777 
96.9525 8000 0.0725294 0.0756108 0.0848205 1.22204 0.304977 0.0527759 0 25 -10 
0.326582 -4.24299 -0.00122592 -3.11239 -0.0343236 0.73858 0.683482 -0.1 0.561477 -0.776178 3.99336 -0.967481 2.76116 0.617555 -1.56302 -2.56423 0.231587 0.00217416 0.00322874 
96.813 8000 0.0750473 0.0778446 0.08622 1.22204 0.276787 0.0528893 0 25 -10 
0.319669 -4.22131 -0.00122376 -3.12409 -0.0344538 0.739394 0.690299 -0.1 0.539101 -0.785328 3.99266 -0.973116 2.74654 0.610558 -1.59521 -2.58272 0.230111 0.00262951 0.00331775 
96.6838 8000 0.0773941 0.0799265 0.0875249 1.22204 0.250519 0.0529949 0 25 -10 
0.313001 -4.2034 -0.00134979 -3.13759 -0.0346717 0.740832 0.696775 -0.1 0.518091 -0.796895 3.99288 -0.979719 2.73301 0.600574 -1.62574 -2.60009 0.22829 0.00362085 0.00382911 
96.5642 8000 0.0795716 0.0818582 0.0887359 1.22204 0.226151 0.0530928 0 25 -10 
0.306462 -4.18966 -0.00163285 -3.15362 -0.0350031 0.743072 0.702996 -0.1 0.498227 -0.811687 3.9942 -0.987677 2.72047 0.586687 -1.65499 -2.61652 0.226007 0.00528891 0.00486 
96.4535 8000 0.0815832 0.0836426 0.089855 1.22204 0.203644 0.0531832 0 25 -10 
0.299951 -4.18039 -0.00209624 -3.17278 -0.0354689 0.746258 0.709037 -0.1 0.479306 -0.830368 3.9968 -0.997309 2.70884 0.568149 -1.68327 -2.63217 0.223163 0.00774812 0.00648919 
96.3511 8000 0.0834342 0.0852846 0.0908849 1.22204 0.182937 0.0532663 0 25 -10 
0.293389 -4.17575 -0.0027557 -3.1955 -0.0360836 0.75049 0.714961 -0.1 0.461154 -0.853403 4.00077 -1.00884 2.69803 0.544437 -1.71087 -2.64719 0.21969 0.0110769 0.00876994 
96.2565 8000 0.085131 0.0867897 0.0918292 1.22204 0.163958 0.0533425 0 25 -10 
0.286718 -4.17579 -0.00361843 -3.22201 -0.0368545 0.755817 0.720816 -0.1 0.443631 -0.881038 4.00616 -1.0224 2.68797 0.515285 -1.738 -2.6617 0.215553 0.0153138 0.011727 
96.1692 8000 0.086681 0.0881645 0.092692 1.22204 0.146624 0.0534121 0 25 -10 
0.279907 -4.18038 -0.00468327 -3.25235 -0.037782 0.76224 0.726631 -0.1 0.426634 -0.913297 4.01296 -1.03801 2.67858 0.480675 -1.7648 -2.67578 0.210746 0.0204576 0.015357 
96.0885 8000 0.088092 0.0894161 0.0934775 1.22204 0.130845 0.0534754 0 25 -10 
0.272947 -4.18929 -0.0059414 -3.28639 -0.03886 0.769717 0.732423 -0.1 0.410093 -0.950007 4.02111 -1.05559 2.66982 0.440816 -1.79135 -2.68949 0.205296 0.0264713 0.0196308 
96.0142 8000 0.0893726 0.0905519 0.0941905 1.22204 0.116527 0.0535329 0 25 -10 
0.265847 -4.20218 -0.00737757 -3.32385 -0.040077 0.778166 0.738196 -0.1 0.393968 -0.990823 4.0305 -1.075 2.66164 0.396113 -1.81768 -2.70285 0.199251 0.0332876 0.0244976 
95.9456 8000 0.0905313 0.0915796 0.0948357 1.22204 0.103573 0.0535848 0 25 -10 
0.258632 -4.21865 -0.00897153 -3.36432 -0.0414173 0.787477 0.74394 -0.1 0.378245 -1.03527 4.04099 -1.09602 2.65398 0.347117 -1.84376 -2.71589 0.192682 0.0408156 0.0298899 
95.8825 8000 0.0915767 0.0925068 0.0954179 1.22204 0.091887 0.0536317 0 25 -10 
0.251339 -4.23822 -0.0106995 -3.40732 -0.0428623 0.797521 0.749641 -0.1 0.36293 -1.08278 4.05243 -1.11839 2.64682 0.294488 -1.86953 -2.72859 0.185671 0.0489475 0.0357282 
95.8243 8000 0.0925173 0.0933412 0.0959418 1.22204 0.0813721 0.0536739 0 25 -10 
0.244014 -4.2604 -0.0125356 -3.45232 -0.0443913 0.808152 0.755276 -0.1 0.348042 -1.13272 4.06462 -1.14184 2.64012 0.238952 -1.89491 -2.74094 0.178309 0.0575657 0.0419261 
95.7709 8000 0.0933616 0.09409 0.0964121 1.22204 0.0719353 0.0537117 0 25 -10 
0.236704 -4.28468 -0.0144532 -3.49875 -0.0459832 0.819224 0.760821 -0.1 0.333611 -1.18445 4.07739 -1.16607 2.63386 0.18126 -1.9198 -2.75291 0.170692 0.0665482 0.0483943 
95.7217 8000 0.0941176 0.0947605 0.0968332 1.22204 0.0634866 0.0537456 0 25 -10 
0.229461 -4.31055 -0.0164257 -3.54606 -0.0476168 0.830588 0.76625 -0.1 0.31967 -1.23731 4.09056 -1.19078 2.62802 0.122161 -1.94409 -2.76448 0.162913 0.0757739 0.055044 
95.6765 8000 0.0947929 0.0953594 0.0972094 1.22204 0.0559399 0.0537759 0 25 -10 
0.222332 -4.33755 -0.0184278 -3.59371 -0.0492717 0.842103 0.771538 -0.1 0.306253 -1.29069 4.10395 -1.21569 2.62258 0.0623738 -1.96768 -2.77561 0.155063 0.0851268 0.0617904 
95.6351 8000 0.0953948 0.0958932 0.0975447 1.22204 0.0492138 0.0538028 0 25 -10 
0.215364 -4.36523 -0.0204359 -3.64121 -0.0509292 0.853637 0.776659 -0.1 0.293393 -1.344 4.1174 -1.24054 2.61752 0.00256693 -1.99048 -2.78629 0.147228 0.0944987 0.0685545 
95.597 8000 0.0959301 0.096368 0.097843 1.22204 0.0432317 0.0538268 0 25 -10 
0.208598 -4.39318 -0.0224287 -3.68811 -0.052572 0.865069 0.781592 -0.1 0.281119 -1.39671 4.13076 -1.26509 2.61281 -0.0566533 -2.0124 -2.79648 0.139483 0.103792 0.0752649 
95.5621 8000 0.0964043 0.0967886 0.0981073 1.22204 0.0379327 0.053848 0 25 -10 
0.202068 -4.42107 -0.0243872 -3.734 -0.054185 0.876295 0.78632 -0.1 0.269453 -1.44837 4.14391 -1.28912 2.60845 -0.114753 -2.03336 -2.80616 0.131896 0.11292 0.0818585 
95.5302 8000 0.096815 0.0971528 0.0983361 1.22204 0.0333437 0.0538664 0 25 -10 
0.195806 -4.44856 -0.0262954 -3.77856 -0.0557552 0.887225 0.790827 -0.1 0.258414 -1.49857 4.15673 -1.31246 2.60442 -0.171275 -2.05332 -2.81532 0.124524 0.121808 0.0882814 
95.5009 8000 0.0971429 0.0974436 0.0985188 1.22204 0.0296797 0.0538811 0 25 -10 
0.189834 -4.4754 -0.0281399 -3.82149 -0.057272 0.897783 0.795101 -0.1 0.248012 -1.547 4.16914 -1.33496 2.6007 -0.225839 -2.07221 -2.82396 0.117414 0.130396 0.0944886 
95.4741 8000 0.0973498 0.0976271 0.098634 1.22204 0.0273666 0.0538904 0 25 -10 
0.184171 -4.50139 -0.0299098 -3.86258 -0.0587266 0.907909 0.799136 -0.1 0.23825 -1.59339 4.18104 -1.35651 2.59728 -0.278141 -2.09003 -2.83207 0.110606 0.138634 0.100444 
95.4497 8000 0.0973846 0.0976579 0.0986532 1.22204 0.0269761 0.053892 0 25 -10 
0.178827 -4.52634 -0.0315968 -3.90166 -0.0601125 0.917556 0.802927 -0.1 0.229127 -1.63754 4.1924 -1.377 2.59414 -0.327948 -2.10674 -2.83964 0.104128 0.146483 0.10612 
95.4273 8000 0.0971913 0.0974866 0.0985452 1.22204 0.0291301 0.0538834 0 25 -10 
0.17381 -4.55013 -0.033195 -3.93861 -0.0614248 0.926691 0.806473 -0.1 0.220632 -1.67931 4.20317 -1.39638 2.59126 -0.375092 -2.12236 -2.8467 0.0980007 0.153917 0.111496 
95.4069 8000 0.0967179 0.0970669 0.0982809 1.22204 0.0344111 0.0538623 0 25 -10 
0.169122 -4.57266 -0.0347003 -3.97335 -0.0626604 0.935293 0.809775 -0.1 0.212754 -1.7186 4.21331 -1.41461 2.58863 -0.419468 -2.1369 -2.85324 0.0922365 0.160918 0.116559 
95.3882 8000 0.0959219 0.0963611 0.0978366 1.22204 0.0432929 0.0538268 0 25 -10 
0.16476 -4.59387 -0.0361107 -4.00585 -0.0638178 0.943351 0.812839 -0.1 0.205473 -1.75539 4.22282 -1.43166 2.58623 -0.461021 -2.15037 -2.85929 0.086842 0.167476 0.121303 
95.3713 8000 0.0947744 0.0953436 0.0971961 1.22204 0.0560983 0.0537755 0 25 -10 
0.160718 -4.61373 -0.0374257 -4.03612 -0.0648965 0.950861 0.81567 -0.1 0.198769 -1.78965 4.23168 -1.44754 2.58405 -0.499741 -2.16281 -2.86485 0.0818177 0.173589 0.125725 
95.3558 8000 0.0932617 0.0940022 0.0963519 1.22204 0.0729803 0.053708 0 25 -10 
0.156988 -4.63223 -0.038646 -4.06417 -0.0658975 0.95783 0.818276 -0.1 0.192615 -1.82142 4.23991 -1.46227 2.58207 -0.535659 -2.17425 -2.86997 0.077159 0.179261 0.129829 
95.3418 8000 0.0913851 0.0923382 0.0953046 1.22204 0.0939233 0.0536243 0 25 -10 
0.153558 -4.64939 -0.0397738 -4.09006 -0.0668222 0.964268 0.820667 -0.1 0.186985 -1.85076 4.24752 -1.47586 2.58028 -0.568836 -2.18474 -2.87464 0.0728574 0.184502 0.133622 
95.329 8000 0.0891598 0.0903651 0.0940628 1.22204 0.118757 0.0535249 0 25 -10 
0.150416 -4.66523 -0.0408117 -4.11387 -0.0676731 0.970192 0.822854 -0.1 0.181851 -1.87774 4.25452 -1.48836 2.57867 -0.599359 -2.19433 -2.87891 0.0689013 0.189325 0.137112 
95.3172 8000 0.0866129 0.0881066 0.0926414 1.22204 0.147183 0.0534112 0 25 -10 
0.147546 -4.67979 -0.0417633 -4.13569 -0.0684532 0.975623 0.824847 -0.1 0.177182 -1.90247 4.26095 -1.49982 2.57721 -0.627336 -2.20307 -2.88278 0.0652764 0.193747 0.140311 
95.3057 8000 0.0837801 0.0855948 0.0910606 1.22204 0.178798 0.0532848 0 25 -10 
0.144934 -4.69313 -0.0426327 -4.1556 -0.0691658 0.980585 0.826658 -0.1 0.172948 -1.92505 4.26682 -1.51028 2.5759 -0.652888 -2.211 -2.8863 0.0619666 0.197786 0.143234 
95.293 8000 0.0807039 0.0828671 0.0893439 1.22204 0.213129 0.0531475 0 25 -10 
0.142563 -4.7053 -0.0434244 -4.17372 -0.0698145 0.985102 0.828299 -0.1 0.169119 -1.9456 4.27216 -1.51979 2.57473 -0.676149 -2.21819 -2.88948 0.0589543 0.201464 0.145896 
95.2766 8000 0.0774307 0.0799647 0.0875173 1.22204 0.24966 0.0530013 0 25 -10 
0.140418 -4.71636 -0.0441429 -4.19015 -0.0704033 0.989201 0.829782 -0.1 0.165665 -1.96424 4.27702 -1.52842 2.57368 -0.697257 -2.22468 -2.89235 0.0562216 0.204802 0.148312 
95.2533 8000 0.0740083 0.07693 0.0856075 1.22204 0.287856 0.0528486 0 25 -10 
0.138482 -4.7264 -0.0447932 -4.20502 -0.0709361 0.992911 0.831118 -0.1 0.162558 -1.98111 4.28141 -1.53623 2.57274 -0.716354 -2.23053 -2.89493 0.0537496 0.207823 0.150498 
95.2194 8000 0.0704844 0.0738053 0.083641 1.22204 0.327185 0.0526912 0 25 -10 
0.13674 -4.73547 -0.04538 -4.21842 -0.0714168 0.996258 0.83232 -0.1 0.159769 -1.99632 4.28537 -1.54328 2.5719 -0.733584 -2.23578 -2.89725 0.0515198 0.210548 0.152471 
95.1705 8000 0.0669045 0.0706309 0.0816432 1.22204 0.367139 0.0525314 0 25 -10 
0.135176 -4.74365 -0.0459081 -4.23048 -0.0718494 0.99927 0.833397 -0.1 0.157271 -2.01001 4.28894 -1.54961 2.57116 -0.749087 -2.24049 -2.89932 0.0495139 0.213001 0.154246 
95.1022 8000 0.0633112 0.0674447 0.0796381 1.22204 0.407242 0.052371 0 25 -10 
0.133775 -4.751 -0.0463822 -4.24131 -0.0722377 1.00197 0.834362 -0.1 0.155039 -2.0223 4.29214 -1.5553 2.57049 -0.763001 -2.24471 -2.90118 0.0477138 0.215202 0.15584 
95.0102 8000 0.0597431 0.0642808 0.0776469 1.22204 0.447065 0.0522117 0 25 -10 
0.132522 -4.75759 -0.0468067 -4.25099 -0.0725854 1.00439 0.835222 -0.1 0.153049 -2.03329 4.29501 -1.56039 2.56991 -0.775459 -2.24847 -2.90283 0.0461025 0.217174 0.157267 
94.8903 8000 0.0562342 0.0611693 0.0756888 1.22204 0.486227 0.0520551 0 25 -10 
0.131406 -4.76348 -0.0471859 -4.25964 -0.072896 1.00656 0.835989 -0.1 0.151278 -2.04311 4.29757 -1.56493 2.56939 -0.786587 -2.25182 -2.9043 0.0446633 0.218935 0.158541 
94.7388 8000 0.0528136 0.0581363 0.07378 1.22204 0.524403 0.0519024 0 25 -10 
0.130412 -4.76874 -0.047524 -4.26735 -0.0731729 1.00849 0.836671 -0.1 0.149705 -2.05187 4.29986 -1.56898 2.56893 -0.796506 -2.2548 -2.90561 0.0433807 0.220505 0.159678 
94.5526 8000 0.0495057 0.0552031 0.0719341 1.22204 0.56132 0.0517547 0 25 -10 
0.12953 -4.77343 -0.0478247 -4.2742 -0.0734192 1.0102 0.837277 -0.1 0.14831 -2.05965 4.30189 -1.57258 2.56852 -0.805328 -2.25744 -2.90677 0.04224 0.221901 0.160689 
94.3292 8000 0.0463303 0.0523874 0.070162 1.22204 0.596761 0.051613 0 25 -10 
0.128747 -4.77759 -0.0480917 -4.28029 -0.0736378 1.01172 0.837813 -0.1 0.147076 -2.06656 4.3037 -1.57578 2.56816 -0.813159 -2.25978 -2.90779 0.0412277 0.223141 0.161586 
94.0667 8000 0.0433024 0.0497025 0.0684723 1.22204 0.630554 0.0514778 0 25 -10 
0.128055 -4.78128 -0.0483282 -4.28568 -0.0738315 1.01307 0.838287 -0.1 0.145986 -2.07268 4.30529 -1.57861 2.56785 -0.820096 -2.26185 -2.9087 0.0403308 0.224239 0.162381 
93.764 8000 0.040433 0.0471581 0.0668711 1.22204 0.662579 0.0513497 0 25 -10 
0.127444 -4.78455 -0.0485374 -4.29044 -0.0740028 1.01426 0.838705 -0.1 0.145024 -2.0781 4.30671 -1.58112 2.56757 -0.826232 -2.26368 -2.9095 0.0395379 0.22521 0.163084 
93.4208 8000 0.0377293 0.0447608 0.0653624 1.22204 0.692753 0.051229 0 25 -10 
0.126905 -4.78744 -0.0487221 -4.29464 -0.074154 1.01532 0.839074 -0.1 0.144177 -2.08287 4.30796 -1.58333 2.56733 -0.831647 -2.26529 -2.9102 0.0388379 0.226068 0.163705 
93.0374 8000 0.0351954 0.0425139 0.0639484 1.22204 0.721033 0.0511159 0 25 -10 
0.126431 -4.78999 -0.0488849 -4.29835 -0.0742872 1.01624 0.839398 -0.1 0.143433 -2.08708 4.30906 -1.58527 2.56711 -0.83642 -2.2667 -2.91082 0.0382211 0.226824 0.164252 
92.6146 8000 0.0328324 0.0404185 0.0626297 1.22204 0.747407 0.0510104 0 25 -10 
0.126014 -4.79223 -0.0490282 -4.30161 -0.0744045 1.01706 0.839683 -0.1 0.14278 -2.09079 4.31003 -1.58699 2.56693 -0.84062 -2.26795 -2.91136 0.0376785 0.227489 0.164734 
92.1541 8000 0.0306387 0.0384734 0.0614055 1.22204 0.77189 0.0509124 0 25 -10 
0.125647 -4.7942 -0.049154 -4.30447 -0.0745075 1.01778 0.839933 -0.1 0.142207 -2.09404 4.31088 -1.58849 2.56676 -0.844309 -2.26904 -2.91184 0.0372019 0.228073 0.165157 
91.6578 8000 0.0286112 0.0366755 0.0602741 1.22204 0.794519 0.0508219 0 25 -10 
0.125327 -4.79593 -0.0492644 -4.30698 -0.0745979 1.01841 0.840152 -0.1 0.141705 -2.0969 4.31162 -1.58981 2.56662 -0.847544 -2.26999 -2.91225 0.0367838 0.228585 0.165528 
91.1282 8000 0.0267447 0.0350205 0.0592325 1.22204 0.81535 0.0507386 0 25 -10 
0.125046 -4.79745 -0.0493611 -4.30918 -0.074677 1.01896 0.840343 -0.1 0.141267 -2.09939 4.31228 -1.59097 2.5665 -0.850379 -2.27083 -2.91262 0.0364177 0.229034 0.165853 
90.5681 8000 0.025033 0.0335027 0.0582773 1.22204 0.834454 0.0506622 0 25 -10 
0.124801 -4.79877 -0.0494456 -4.31111 -0.0747463 1.01944 0.840511 -0.1 0.140884 -2.10158 4.31285 -1.59198 2.56639 -0.852857 -2.27155 -2.91294 0.0360974 0.229427 0.166137 
89.9806 7999.81 0.0234688 0.0321157 0.0574045 1.22204 0.851911 0.0505924 0 25 -10 
0.124587 -4.79993 -0.0495195 -4.31279 -0.0748068 1.01986 0.840657 -0.1 0.14055 -2.10349 4.31335 -1.59286 2.5663 -0.855023 -2.27219 -2.91321 0.0358177 0.22977 0.166385 
89.3687 7998.41 0.0220443 0.0308526 0.0566096 1.22204 0.867809 0.0505288 0 25 -10 
0.1244 -4.80095 -0.049584 -4.31425 -0.0748595 1.02023 0.840784 -0.1 0.14026 -2.10516 4.31379 -1.59363 2.56622 -0.856912 -2.27275 -2.91345 0.0355738 0.230069 0.166602 
88.736 7993.19 0.0207511 0.0297059 0.0558879 1.22204 0.882242 0.050471 0 25 -10 
0.124237 -4.80183 -0.0496401 -4.31553 -0.0749055 1.02055 0.840895 -0.1 0.140007 -2.10661 4.31417 -1.5943 2.56614 -0.858558 -2.27323 -2.91367 0.0353612 0.23033 0.166791 
88.0857 7979.96 0.0195806 0.028668 0.0552347 1.22204 0.895306 0.0504188 0 25 -10 
0.124096 -4.8026 -0.049689 -4.31664 -0.0749455 1.02083 0.840991 -0.1 0.139787 -2.10787 4.3145 -1.59489 2.56608 -0.85999 -2.27365 -2.91385 0.0351762 0.230557 0.166955 
87.4212 7953.57 0.0185243 0.0277313 0.0546452 1.22204 0.907095 0.0503716 0 25 -10 
0.123973 -4.80327 -0.0497315 -4.3176 -0.0749803 1.02107 0.841075 -0.1 0.139596 -2.10897 4.31478 -1.59539 2.56603 -0.861235 -2.27401 -2.91401 0.0350155 0.230754 0.167098 
86.7458 7908.7 0.0175734 0.0268881 0.0541146 1.22204 0.917707 0.0503292 0 25 -10 
0.123867 -4.80385 -0.0497684 -4.31844 -0.0750105 1.02128 0.841147 -0.1 0.139431 -2.10992 4.31503 -1.59584 2.56598 -0.862315 -2.27433 -2.91414 0.0348759 0.230925 0.167222 
86.0626 7840.52 0.0167198 0.0261312 0.0536383 1.22204 0.927235 0.0502911 0 25 -10 
0.123774 -4.80435 -0.0498004 -4.31917 -0.0750366 1.02146 0.84121 -0.1 0.139288 -2.11075 4.31525 -1.59622 2.56594 -0.863253 -2.2746 -2.91426 0.0347548 0.231073 0.167329 
85.3748 7745.19 0.0159553 0.0254533 0.0532116 1.22204 0.935767 0.0502569 0 25 -10 
0.123694 -4.80479 -0.0498281 -4.3198 -0.0750593 1.02162 0.841264 -0.1 0.139164 -2.11146 4.31544 -1.59655 2.56591 -0.864065 -2.27484 -2.91437 0.03465 0.231202 0.167422 
84.685 7620.17 0.0152722 0.0248476 0.0528305 1.22204 0.943391 0.0502264 0 25 -10 
0.123625 -4.80517 -0.0498521 -4.32034 -0.075079 1.02176 0.841311 -0.1 0.139056 -2.11208 4.3156 -1.59683 2.56588 -0.864768 -2.27504 -2.91445 0.0345592 0.231314 0.167503 
83.9961 7464.32 0.0146632 0.0243076 0.0524906 1.22204 0.950188 0.0501992 0 25 -10 
0.123565 -4.80549 -0.0498728 -4.32081 -0.0750959 1.02188 0.841352 -0.1 0.138964 -2.11262 4.31574 -1.59708 2.56585 -0.865376 -2.27522 -2.91453 0.0344807 0.23141 0.167573 
83.3103 7277.86 0.0141214 0.0238272 0.0521883 1.22204 0.956235 0.0501751 0 25 -10 
0.123514 -4.80577 -0.0498908 -4.32122 -0.0751106 1.02198 0.841387 -0.1 0.138884 -2.11308 4.31586 -1.5973 2.56583 -0.865901 -2.27537 -2.9146 0.034413 0.231493 0.167633 
82.63 7062.2 0.0136404 0.0234006 0.0519198 1.22204 0.961603 0.0501536 0 25 -10 
0.123469 -4.80602 -0.0499062 -4.32157 -0.0751233 1.02207 0.841417 -0.1 0.138815 -2.11348 4.31597 -1.59748 2.56581 -0.866354 -2.2755 -2.91466 0.0343545 0.231565 0.167685 
81.9571 6819.79 0.0132141 0.0230227 0.051682 1.22204 0.96636 0.0501346 0 25 -10 
0.123431 -4.80623 -0.0499196 -4.32187 -0.0751342 1.02214 0.841443 -0.1 0.138756 -2.11382 4.31606 -1.59764 2.5658 -0.866744 -2.27562 -2.9147 0.034304 0.231627 0.16773 
81.2934 6553.83 0.0128371 0.0226884 0.0514716 1.22204 0.970568 0.0501177 0 25 -10 
0.123398 -4.80641 -0.0499311 -4.32214 -0.0751436 1.02221 0.841466 -0.1 0.138705 -2.11412 4.31613 -1.59778 2.56578 -0.867081 -2.27572 -2.91475 0.0342606 0.23168 0.167768 
80.6404 6268.09 0.0125042 0.0223932 0.0512858 1.22204 0.974283 0.0501029 0 25 -10 
0.123369 -4.80657 -0.0499409 -4.32236 -0.0751517 1.02226 0.841485 -0.1 0.138661 -2.11438 4.3162 -1.5979 2.56577 -0.867371 -2.2758 -2.91478 0.0342232 0.231726 0.167802 
79.9996 5966.62 0.0122108 0.022133 0.0511221 1.22204 0.977558 0.0500898 0 25 -10 
0.123345 -4.8067 -0.0499495 -4.32255 -0.0751586 1.02231 0.841502 -0.1 0.138623 -2.1146 4.31626 -1.598 2.56576 -0.86762 -2.27587 -2.91481 0.0341911 0.231765 0.16783 
79.372 5653.6 0.0119526 0.0219041 0.050978 1.22204 0.980439 0.0500782 0 25 -10 
0.123324 -4.80682 -0.0499568 -4.32272 -0.0751646 1.02235 0.841516 -0.1 0.138591 -2.11478 4.31631 -1.59808 2.56575 -0.867834 -2.27593 -2.91484 0.0341634 0.231799 0.167855 
78.7586 5333.16 0.0117258 0.0217029 0.0508514 1.22204 0.982971 0.0500681 0 25 -10 
0.123306 -4.80692 -0.049963 -4.32286 -0.0751698 1.02239 0.841528 -0.1 0.138563 -2.11495 4.31635 -1.59816 2.56574 -0.868018 -2.27599 -2.91486 0.0341397 0.231828 0.167876 
78.1602 5009.23 0.0115268 0.0215265 0.0507404 1.22204 0.985192 0.0500592 0 25 -10 
0.12329 -4.807 -0.0499684 -4.32298 -0.0751742 1.02242 0.841539 -0.1 0.138539 -2.11509 4.31639 -1.59822 2.56574 -0.868175 -2.27603 -2.91488 0.0341193 0.231853 0.167894 
77.5773 4685.46 0.0113524 0.0213719 0.0506431 1.22204 0.987138 0.0500514 0 25 -10 
0.123277 -4.80707 -0.049973 -4.32309 -0.0751779 1.02245 0.841548 -0.1 0.138519 -2.1152 4.31642 -1.59828 2.56573 -0.868311 -2.27607 -2.9149 0.0341019 0.231875 0.167909 
77.0105 4365.12 0.0111999 0.0212367 0.050558 1.22204 0.98884 0.0500446 0 25 -10 
0.123266 -4.80714 -0.049977 -4.32318 -0.0751812 1.02247 0.841555 -0.1 0.138501 -2.11531 4.31644 -1.59833 2.56573 -0.868426 -2.27611 -2.91492 0.0340869 0.231893 0.167923 
76.4601 4051.1 0.0110667 0.0211185 0.0504837 1.22204 0.990327 0.0500387 0 25 -10 
0.123256 -4.80719 -0.0499804 -4.32326 -0.0751839 1.02249 0.841562 -0.1 0.138486 -2.11539 4.31647 -1.59837 2.56572 -0.868526 -2.27613 -2.91493 0.0340741 0.231909 0.167934 
75.9262 3745.85 0.0109505 0.0210155 0.0504188 1.22204 0.991624 0.0500335 0 25 -10 
0.123248 -4.80724 -0.0499833 -4.32332 -0.0751863 1.0225 0.841568 -0.1 0.138474 -2.11547 4.31649 -1.5984 2.56572 -0.86861 -2.27616 -2.91494 0.0340632 0.231922 0.167944 
75.409 3451.41 0.0108492 0.0209257 0.0503623 1.22204 0.992754 0.050029 0 25 -10 
0.123241 -4.80727 -0.0499858 -4.32338 -0.0751883 1.02252 0.841572 -0.1 0.138463 -2.11553 4.3165 -1.59843 2.56572 -0.868683 -2.27618 -2.91495 0.0340538 0.231934 0.167952 
74.9083 3169.39 0.0107611 0.0208475 0.0503131 1.22204 0.993738 0.050025 0 25 -10 
0.123235 -4.80731 -0.0499879 -4.32343 -0.0751901 1.02253 0.841577 -0.1 0.138453 -2.11559 4.31652 -1.59846 2.56571 -0.868745 -2.2762 -2.91496 0.0340458 0.231944 0.167959 
74.4242 2901.02 0.0106844 0.0207796 0.0502703 1.22204 0.994593 0.0500216 0 25 -10 
0.12323 -4.80734 -0.0499897 -4.32347 -0.0751916 1.02254 0.84158 -0.1 0.138445 -2.11563 4.31653 -1.59848 2.56571 -0.868798 -2.27621 -2.91496 0.034039 0.231952 0.167965 
73.9563 2647.18 0.0106179 0.0207206 0.0502332 1.22204 0.995336 0.0500187 0 25 -10 
0.123225 -4.80736 -0.0499912 -4.3235 -0.0751928 1.02255 0.841583 -0.1 0.138438 -2.11567 4.31654 -1.5985 2.56571 -0.868843 -2.27623 -2.91497 0.0340331 0.231959 0.167971 
73.5046 2408.4 0.0105602 0.0206694 0.050201 1.22204 0.99598 0.0500161 0 25 -10 
0.123221 -4.80738 -0.0499925 -4.32353 -0.0751939 1.02256 0.841586 -0.1 0.138433 -2.11571 4.31655 -1.59851 2.56571 -0.868882 -2.27624 -2.91497 0.0340282 0.231965 0.167975 
73.0685 2184.96 0.0105102 0.020625 0.0501731 1.22204 0.996538 0.0500138 0 25 -10 
0.123218 -4.8074 -0.0499937 -4.32356 -0.0751948 1.02256 0.841588 -0.1 0.138428 -2.11574 4.31656 -1.59852 2.56571 -0.868915 -2.27625 -2.91498 0.0340239 0.231971 0.167979 
72.6479 1976.87 0.0104669 0.0205867 0.0501489 1.22204 0.997021 0.0500119 0 25 -10 
0.123215 -4.80741 -0.0499946 -4.32358 -0.0751956 1.02257 0.84159 -0.1 0.138424 -2.11576 4.31656 -1.59854 2.56571 -0.868943 -2.27625 -2.91498 0.0340203 0.231975 0.167982 
72.2423 1783.97 0.0104295 0.0205535 0.050128 1.22204 0.997439 0.0500102 0 25 -10 
0.123213 -4.80743 -0.0499954 -4.3236 -0.0751963 1.02257 0.841591 -0.1 0.13842 -2.11578 4.31657 -1.59855 2.56571 -0.868966 -2.27626 -2.91498 0.0340172 0.231979 0.167985 
71.8512 1605.88 0.0103971 0.0205248 0.05011 1.22204 0.9978 0.0500088 0 25 -10 
0.123211 -4.80744 -0.0499961 -4.32361 -0.0751968 1.02258 0.841593 -0.1 0.138417 -2.1158 4.31657 -1.59855 2.5657 -0.868987 -2.27627 -2.91499 0.0340146 0.231982 0.167987 
71.4742 1442.13 0.0103692 0.0205001 0.0500944 1.22204 0.998111 0.0500076 0 25 -10 
0.123209 -4.80745 -0.0499967 -4.32363 -0.0751973 1.02258 0.841594 -0.1 0.138414 -2.11582 4.31658 -1.59856 2.5657 -0.869004 -2.27627 -2.91499 0.0340124 0.231985 0.167989 
71.1108 1292.11 0.0103452 0.0204787 0.050081 1.22204 0.99838 0.0500065 0 25 -10 
0.123208 -4.80746 -0.0499972 -4.32364 -0.0751977 1.02258 0.841595 -0.1 0.138412 -2.11583 4.31658 -1.59857 2.5657 -0.869019 -2.27628 -2.91499 0.0340105 0.231987 0.167991 
70.7605 1155.16 0.0103244 0.0204603 0.0500694 1.22204 0.998611 0.0500056 0 25 -10 
0.123207 -4.80746 -0.0499976 -4.32365 -0.0751981 1.02259 0.841595 -0.1 0.13841 -2.11584 4.31658 -1.59857 2.5657 -0.869031 -2.27628 -2.91499 0.0340089 0.231989 0.167992 
70.4229 1030.56 0.0103066 0.0204445 0.0500595 1.22204 0.99881 0.0500048 0 25 -10 
0.123206 -4.80747 -0.049998 -4.32365 -0.0751984 1.02259 0.841596 -0.1 0.138409 -2.11585 4.31659 -1.59858 2.5657 -0.869042 -2.27628 -2.91499 0.0340075 0.231991 0.167993 
70.0974 917.534 0.0102912 0.0204309 0.0500509 1.22204 0.998982 0.0500041 0 25 -10 
0.123205 -4.80747 -0.0499983 -4.32366 -0.0751986 1.02259 0.841597 -0.1 0.138407 -2.11586 4.31659 -1.59858 2.5657 -0.869051 -2.27629 -2.91499 0.0340064 0.231992 0.167994 
69.7834 815.32 0.010278 0.0204192 0.0500436 1.22204 0.999129 0.0500035 0 25 -10 
0.123204 -4.80748 -0.0499986 -4.32367 -0.0751988 1.02259 0.841597 -0.1 0.138406 -2.11586 4.31659 -1.59858 2.5657 -0.869058 -2.27629 -2.91499 0.0340054 0.231993 0.167995 
69.4806 723.141 0.0102667 0.0204092 0.0500372 1.22204 0.999255 0.050003 0 25 -10 
0.123203 -4.80748 -0.0499988 -4.32367 -0.075199 1.02259 0.841598 -0.1 0.138405 -2.11587 4.31659 -1.59859 2.5657 -0.869065 -2.27629 -2.915 0.0340046 0.231994 0.167996 
69.1883 640.232 0.010257 0.0204005 0.0500318 1.22204 0.999364 0.0500025 0 25 -10 
0.123203 -4.80748 -0.049999 -4.32368 -0.0751991 1.02259 0.841598 -0.1 0.138405 -2.11587 4.31659 -1.59859 2.5657 -0.86907 -2.27629 -2.915 0.034004 0.231995 0.167997 
68.9062 565.849 0.0102487 0.0203932 0.0500272 1.22204 0.999457 0.0500022 0 25 -10 
0.123213 -4.8075 -0.0499982 -4.32368 -0.0751986 1.02259 0.841586 -0.1 0.138422 -2.11587 4.3166 -1.59858 2.56572 -0.869063 -2.27627 -2.91498 0.0340084 0.231995 0.167995 
68.6336 499.276 0.0102415 0.0203868 0.0500232 1.22204 0.999537 0.0500019 0 25 -10 
0.123296 -4.80759 -0.0499908 -4.32368 -0.0751931 1.02257 0.841491 -0.1 0.138563 -2.11582 4.31668 -1.59851 2.56582 -0.868976 -2.27613 -2.91486 0.0340474 0.231991 0.167983 
68.3702 439.829 0.0102354 0.0203814 0.0500198 1.22204 0.999605 0.0500016 0 25 -10 
0.123619 -4.80796 -0.0499614 -4.32367 -0.0751716 1.02247 0.841118 -0.1 0.139113 -2.11559 4.31698 -1.59821 2.56625 -0.868623 -2.27558 -2.91441 0.0342011 0.231971 0.167931 
68.1155 386.861 0.0102302 0.0203768 0.0500168 1.22204 0.999663 0.0500013 0 25 -10 
0.124462 -4.80891 -0.0498848 -4.32365 -0.0751152 1.02221 0.840146 -0.1 0.14055 -2.115 4.31774 -1.59744 2.56736 -0.867697 -2.27415 -2.91321 0.0346028 0.23192 0.167796 
67.8689 339.766 0.0102257 0.0203728 0.0500143 1.22204 0.999713 0.0500011 0 25 -10 
0.126174 -4.81084 -0.0497291 -4.3236 -0.0750006 1.02169 0.838172 -0.1 0.143469 -2.11379 4.3193 -1.59587 2.56962 -0.865814 -2.27123 -2.91079 0.035419 0.231814 0.167522 
67.6301 297.974 0.0102219 0.0203694 0.0500122 1.22204 0.999756 0.050001 0 25 -10 
0.129124 -4.81417 -0.0494608 -4.32351 -0.0748031 1.02079 0.834771 -0.1 0.148497 -2.11171 4.32199 -1.59316 2.57351 -0.862568 -2.26621 -2.90661 0.036825 0.231632 0.16705 
67.3987 260.961 0.0102186 0.0203665 0.0500104 1.22204 0.999792 0.0500008 0 25 -10 
0.133648 -4.81927 -0.0490493 -4.32337 -0.0745002 1.01942 0.829556 -0.1 0.156207 -2.10852 4.3261 -1.58902 2.57947 -0.857589 -2.25851 -2.9002 0.0389814 0.231352 0.166326 
67.1743 228.238 0.0102158 0.020364 0.0500088 1.22204 0.999823 0.0500007 0 25 -10 
0.140017 -4.82645 -0.0484699 -4.32318 -0.0740738 1.01748 0.822214 -0.1 0.167061 -2.10403 4.3319 -1.58318 2.58787 -0.850578 -2.24767 -2.89118 0.0420173 0.230958 0.165307 
66.9563 199.36 0.0102135 0.0203619 0.0500075 1.22204 0.99985 0.0500006 0 25 -10 
0.148413 -4.83591 -0.047706 -4.32292 -0.0735116 1.01492 0.812533 -0.1 0.181372 -2.09811 4.33954 -1.57548 2.59894 -0.841335 -2.23337 -2.87929 0.04602 0.230439 0.163962 
66.7446 173.918 0.0102114 0.0203601 0.0500064 1.22204 0.999872 0.0500005 0 25 -10 
0.158926 -4.84776 -0.0467497 -4.3226 -0.0728078 1.01172 0.800414 -0.1 0.199288 -2.09069 4.3491 -1.56584 2.61279 -0.829762 -2.21548 -2.8644 0.0510312 0.229789 0.162279 
66.5387 151.538 0.0102097 0.0203586 0.0500054 1.22204 0.999892 0.0500004 0 25 -10 
0.171547 -4.86198 -0.0456015 -4.32221 -0.0719627 1.00787 0.785864 -0.1 0.2208 -2.08179 4.36058 -1.55426 2.62943 -0.815866 -2.19399 -2.84653 0.057048 0.229008 0.160258 
66.3383 131.884 0.0102082 0.0203573 0.0500046 1.22204 0.999908 0.0500004 0 25 -10 
0.186187 -4.87848 -0.0442697 -4.32176 -0.0709825 1.00341 0.768986 -0.1 0.24575 -2.07146 4.3739 -1.54084 2.64873 -0.799749 -2.16906 -2.82579 0.0640268 0.228103 0.157914 
66.1431 114.648 0.010207 0.0203562 0.0500039 1.22204 0.999922 0.0500003 0 25 -10 
0.202683 -4.89708 -0.0427689 -4.32125 -0.0698779 0.99839 0.749969 -0.1 0.273865 -2.05983 4.38891 -1.52571 2.67048 -0.781588 -2.14098 -2.80243 0.0718906 0.227082 0.155273 
65.9527 99.5557 0.0102059 0.0203553 0.0500033 1.22204 0.999934 0.0500003 0 25 -10 
0.220818 -4.91751 -0.0411191 -4.3207 -0.0686636 0.992866 0.729062 -0.1 0.304774 -2.04704 4.40541 -1.50908 2.69438 -0.761621 -2.1101 -2.77674 0.0805359 0.225961 0.152369 
65.7668 86.3577 0.010205 0.0203545 0.0500028 1.22204 0.999944 0.0500002 0 25 -10 
0.240338 -4.93951 -0.0393432 -4.3201 -0.0673566 0.986921 0.706558 -0.1 0.338043 -2.03327 4.42317 -1.49118 2.72012 -0.740131 -2.07687 -2.7491 0.0898413 0.224753 0.149244 
65.5853 74.8319 0.0102043 0.0203538 0.0500024 1.22204 0.999952 0.0500002 0 25 -10 
0.260965 -4.96276 -0.0374667 -4.31946 -0.0659755 0.980639 0.682779 -0.1 0.373197 -2.01872 4.44193 -1.47226 2.74731 -0.717421 -2.04175 -2.71988 0.0996742 0.223477 0.145941 
65.4077 64.7794 0.0102036 0.0203532 0.050002 1.22204 0.99996 0.0500002 0 25 -10 
0.282411 -4.98693 -0.0355157 -4.3188 -0.0645395 0.974106 0.658055 -0.1 0.409748 -2.00359 4.46144 -1.4526 2.77558 -0.69381 -2.00524 -2.68951 0.109898 0.22215 0.142508 
65.2339 56.0227 0.0102031 0.0203527 0.0500017 1.22204 0.999966 0.0500001 0 25 -10 
0.304393 -5.0117 -0.0335159 -4.31813 -0.0630677 0.967411 0.632714 -0.1 0.447212 -1.98808 4.48144 -1.43244 2.80455 -0.669609 -1.96782 -2.65838 0.120377 0.220791 0.138988 
65.0637 48.4041 0.0102026 0.0203523 0.0500014 1.22204 0.999971 0.0500001 0 25 -10 
0.326638 -5.03677 -0.0314922 -4.31744 -0.0615782 0.960636 0.607069 -0.1 0.485125 -1.97239 4.50168 -1.41204 2.83388 -0.645117 -1.92994 -2.62687 0.130981 0.219415 0.135426 
64.8967 41.7831 0.0102022 0.0203519 0.0500012 1.22204 0.999976 0.0500001 0 25 -10 
0.348894 -5.06186 -0.0294674 -4.31676 -0.060088 0.953857 0.581411 -0.1 0.523058 -1.95669 4.52193 -1.39163 2.86322 -0.620614 -1.89205 -2.59535 0.141591 0.218038 0.131863 
64.7329 36.0357 0.0102018 0.0203516 0.050001 1.22204 0.999979 0.0500001 0 25 -10 
0.370934 -5.0867 -0.0274623 -4.31608 -0.0586123 0.947144 0.556003 -0.1 0.56062 -1.94114 4.54198 -1.37142 2.89227 -0.596349 -1.85453 -2.56413 0.152097 0.216674 0.128334 
64.5719 31.052 0.0102016 0.0203514 0.0500009 1.22204 0.999983 0.0500001 0 25 -10 
0.392556 -5.11106 -0.0254953 -4.31542 -0.0571645 0.940558 0.531077 -0.1 0.597471 -1.92589 4.56165 -1.35159 2.92077 -0.572544 -1.81772 -2.53351 0.162405 0.215337 0.124872 
64.4137 26.735 0.0102013 0.0203512 0.0500007 1.22204 0.999985 0.0500001 0 25 -10 
0.413589 -5.13477 -0.0235818 -4.31477 -0.0557562 0.934152 0.506829 -0.1 0.633318 -1.91105 4.58078 -1.3323 2.9485 -0.549387 -1.78191 -2.50372 0.172431 0.214036 0.121504 
64.258 22.9993 0.0102011 0.020351 0.0500006 1.22204 0.999988 0.05 0 25 -10 
0.433891 -5.15765 -0.0217348 -4.31415 -0.0543968 0.927968 0.483424 -0.1 0.667919 -1.89673 4.59925 -1.31369 2.97526 -0.527035 -1.74735 -2.47497 0.182109 0.21278 0.118253 
64.1046 19.7699 0.0102009 0.0203508 0.0500005 1.22204 0.99999 0.05 0 25 -10 
0.453348 -5.17958 -0.0199647 -4.31355 -0.053094 0.922042 0.460993 -0.1 0.701081 -1.88301 4.61695 -1.29584 3.00091 -0.505613 -1.71422 -2.44741 0.191385 0.211576 0.115138 
63.9535 16.9807 0.0102008 0.0203507 0.0500004 1.22204 0.999991 0.05 0 25 -10 
0.471874 -5.20046 -0.0182793 -4.31298 -0.0518536 0.916399 0.439635 -0.1 0.732655 -1.86994 4.63381 -1.27886 3.02533 -0.485216 -1.68268 -2.42117 0.200216 0.21043 0.112172 
63.8045 14.5741 0.0102007 0.0203506 0.0500004 1.22204 0.999993 0.05 0 25 -10 
0.489406 -5.22022 -0.0166843 -4.31244 -0.0506796 0.911059 0.419423 -0.1 0.762537 -1.85757 4.64976 -1.26278 3.04844 -0.465913 -1.65283 -2.39634 0.208574 0.209345 0.109364 
63.6574 12.4993 0.0102006 0.0203505 0.0500003 1.22204 0.999994 0.05 0 25 -10 
0.505906 -5.23881 -0.0151832 -4.31193 -0.0495748 0.906033 0.400402 -0.1 0.790658 -1.84593 4.66477 -1.24765 3.0702 -0.447747 -1.62474 -2.37297 0.21644 0.208325 0.106722 
