# The first two lines (below the comment lines) indicate the name of the vocal fold model and the number of states.
# The following lines contain the control parameters of the vocal folds and the vocal tract (states)
# in steps of 110 audio samples (corresponding to about 2.5 ms for the sampling rate of 44100 Hz).
# For every step, there is one line with the vocal fold parameters followed by
# one line with the vocal tract parameters.
# 
Geometric glottis
292
94.1771 0.0 0.0102 0.02035 0.05 1.22204 1.0 0.05 0 0 -10 
1.0 -6.0 0.0 -3.8826 1.0 0.3446 0.5872 0.5 0.5154 -0.9786 3.2438 -0.7467 1.8387 0.6311 -0.4071 -2.6017 0.292 0.0 0.0 
94.1771 0.0 0.0102 0.02035 0.05 1.22204 1.0 0.05 0 0 -10 
1.0 -6.0 0.0 -3.8826 1.0 0.3446 0.5872 0.5 0.5154 -0.9786 3.2438 -0.7467 1.8387 0.6311 -0.4071 -2.6017 0.292 0.0 0.0 
94.1771 0.0 0.0102 0.02035 0.05 1.22204 1.0 0.05 0 0 -10 
1.0 -6.0 0.0 -3.8826 1.0 0.3446 0.5872 0.5 0.5154 -0.9786 3.2438 -0.7467 1.8387 0.6311 -0.4071 -2.6017 0.292 0.0 0.0 
94.1771 0.0 0.0102 0.02035 0.05 1.22204 1.0 0.05 0 0 -10 
1.0 -6.0 0.0 -3.8826 1.0 0.3446 0.5872 0.5 0.5154 -0.9786 3.2438 -0.7467 1.8387 0.6311 -0.4071 -2.6017 0.292 0.0 0.0 
94.1771 0.0 0.0102 0.02035 0.05 1.22204 1.0 0.05 0 0 -10 
1.0 -6.0 0.0 -3.8826 1.0 0.3446 0.5872 0.5 0.5154 -0.9786 3.2438 -0.7467 1.8387 0.6311 -0.4071 -2.6017 0.292 0.0 0.0 
94.1771 1.36131 0.0102 0.02035 0.05 1.22204 1.0 0.05 0 0 -10 
1.0 -6.0 0.0 -3.8826 0.999999 0.344599 0.5872 0.5 0.5154 -0.978601 3.2438 -0.7467010000000001 1.8387 0.6310979999999999 -0.40710100000000005 -2.6017 0.292 3.77374e-23 1.5094899999999999e-22 
94.1771 28.8992 0.0102 0.02035 0.05 1.22204 1.0 0.05 0 0 -10 
0.9999870000000001 -6.0 0.0 -3.8825300000000005 0.9999709999999999 0.344571 0.5872 0.5 0.51541 -0.9786389999999999 3.2438 -0.746733 1.8387200000000001 0.631054 -0.40713699999999997 -2.60169 0.292 1.01467e-21 4.05868e-21 
94.1772 146.713 0.0102 0.02035 0.05 1.22204 1.0 0.05 0 0 -10 
0.999915 -6.0 0.0 -3.88213 0.999814 0.344413 0.5872029999999999 0.5 0.515467 -0.9788459999999999 3.2438 -0.746913 1.8388400000000003 0.630803 -0.407335 -2.60164 0.292 6.4898e-21 2.59592e-20 
94.1781 416.279 0.0102 0.02035 0.05 1.22204 1.0 0.05 0 0 -10 
0.999697 -6.0 0.0 -3.8809400000000003 0.999339 0.343936 0.5872109999999999 0.5 0.515637 -0.979476 3.24379 -0.7474569999999999 1.8392099999999998 0.630045 -0.407936 -2.6015 0.292 2.3071499999999998e-20 9.228589999999999e-20 
94.1813 861.405 0.0102 0.02035 0.05 1.22204 1.0 0.05 0 0 -10 
0.9992200000000001 -6.0 0.0 -3.8783199999999995 0.998297 0.342888 0.587228 0.5 0.5160100000000001 -0.980857 3.24377 -0.74865 1.84001 0.6283810000000001 -0.409254 -2.6011900000000003 0.292 5.94689e-20 2.37875e-19 
94.19 1464.12 0.0102 0.02035 0.05 1.22204 1.0 0.05 0 0 -10 
0.998359 -6.0 0.0 -3.8736 0.996416 0.340999 0.587259 0.5 0.516683 -0.983349 3.2437400000000003 -0.750803 1.8414599999999999 0.62538 -0.411631 -2.6006299999999998 0.292 1.2511899999999998e-19 5.004759999999999e-19 
94.2082 2178.52 0.0102 0.02035 0.05 1.22204 1.0 0.05 0 0 -10 
0.9969979999999999 -6.0 0.0 -3.8661300000000005 0.9934440000000001 0.338012 0.587307 0.5 0.5177470000000001 -0.987287 3.24368 -0.754206 1.8437400000000002 0.620636 -0.41539 -2.59975 0.292 2.28898e-19 9.15591e-19 
94.2409 2948.27 0.0102 0.02035 0.05 1.22204 1.0 0.05 0 0 -10 
0.995041 -6.0 0.0 -3.8554 0.9891690000000001 0.333717 0.587377 0.5 0.519277 -0.992951 3.24361 -0.7591 1.84703 0.6138140000000001 -0.420795 -2.59848 0.292 3.78138e-19 1.51255e-18 
94.2937 3720.36 0.0102 0.02035 0.05 1.22204 1.0 0.05 0 0 -10 
0.9924200000000001 -6.0 0.0 -3.84102 0.9834440000000001 0.327965 0.587471 0.5 0.5213270000000001 -1.00054 3.2435099999999997 -0.765655 1.8514400000000002 0.604677 -0.428034 -2.59678 0.292 5.78017e-19 2.3120700000000002e-18 
94.3725 4452.79 0.0102 0.02035 0.05 1.22204 1.0 0.05 0 0 -10 
0.9890979999999999 -6.0 0.0 -3.8228 0.97619 0.320676 0.587589 0.5 0.523924 -1.01015 3.2433799999999997 -0.773961 1.8570200000000001 0.5930989999999999 -0.43720600000000004 -2.59462 0.292 8.31285e-19 3.32514e-18 
94.4834 5117.28 0.0102 0.02035 0.05 1.22204 1.0 0.05 0 0 -10 
0.985072 -6.0 0.0 -3.80071 0.967397 0.311841 0.587733 0.5 0.527072 -1.0218 3.24323 -0.784028 1.86378 0.579066 -0.448324 -2.5920099999999997 0.292 1.1382700000000001e-18 4.5530899999999996e-18 
94.6319 5698.52 0.0102 0.02035 0.05 1.22204 1.0 0.05 0 0 -10 
0.980366 -6.0 0.0 -3.7749 0.957119 0.301514 0.587901 0.5 0.530751 -1.03542 3.24304 -0.795795 1.87169 0.562663 -0.461319 -2.58895 0.292 1.4971e-18 5.988380000000001e-18 
94.8234 6191.7 0.0102 0.02035 0.05 1.22204 1.0 0.05 0 0 -10 
0.97503 -6.0 0.0 -3.7456199999999997 0.945464 0.28980300000000003 0.5880920000000001 0.5 0.5349229999999999 -1.0508600000000001 3.24284 -0.809138 1.88065 0.5440619999999999 -0.476055 -2.58548 0.292 1.90399e-18 7.61597e-18 
95.0626 6599.52 0.0102 0.02035 0.05 1.22204 1.0 0.05 0 0 -10 
0.969132 -6.0 0.0 -3.7132699999999996 0.9325829999999999 0.27686 0.588302 0.5 0.539535 -1.0679299999999998 3.24261 -0.823887 1.8905599999999998 0.523504 -0.49234300000000003 -2.58165 0.292 2.3537200000000003e-18 9.414880000000001e-18 
95.3534 6929.4 0.0102 0.02035 0.05 1.22204 1.0 0.05 0 0 -10 
0.9627549999999999 -6.0 0.0 -3.67829 0.9186549999999999 0.262866 0.58853 0.5 0.544521 -1.08639 3.24237 -0.8398329999999999 1.9012799999999999 0.501275 -0.509953 -2.5775099999999997 0.292 2.83998e-18 1.13599e-17 
95.6989 7191.18 0.0102 0.02035 0.05 1.22204 1.0 0.05 0 0 -10 
0.95599 -6.0 0.0 -3.64117 0.9038799999999999 0.24802 0.5887720000000001 0.5 0.54981 -1.10596 3.24211 -0.856749 1.91265 0.47769399999999995 -0.5286350000000001 -2.57312 0.292 3.3558199999999998e-18 1.3423299999999999e-17 
96.1017 7395.46 0.0102 0.02035 0.05 1.22204 1.0 0.05 0 0 -10 
0.948932 -6.0 0.0 -3.6024599999999998 0.888465 0.23253200000000002 0.589024 0.5 0.5553279999999999 -1.12639 3.2418400000000003 -0.874397 1.9245 0.453093 -0.548125 -2.56853 0.292 3.89398e-18 1.5575899999999997e-17 
96.5631 7552.55 0.0102 0.02035 0.05 1.22204 1.0 0.05 0 0 -10 
0.9416770000000001 -6.0 0.0 -3.5626599999999997 0.872619 0.21661 0.589283 0.5 0.561001 -1.1473799999999998 3.2415599999999998 -0.89254 1.9367 0.42780200000000007 -0.5681609999999999 -2.56382 0.292 4.44723e-18 1.7788900000000002e-17 
97.0841 7671.76 0.0102 0.02035 0.05 1.22204 1.0 0.05 0 0 -10 
0.934315 -6.0 0.0 -3.52227 0.8565389999999999 0.200454 0.589546 0.499996 0.566757 -1.16869 3.24127 -0.910949 1.94907 0.40214 -0.588492 -2.55904 0.292 5.0086e-18 2.00344e-17 
97.6647 7761.19 0.0102 0.02035 0.05 1.22204 1.0 0.05 0 0 -10 
0.926932 -6.0 0.0 -3.4817699999999996 0.840414 0.184251 0.5898100000000001 0.499935 0.57253 -1.1900600000000001 3.24099 -0.9294110000000001 1.96147 0.37640500000000005 -0.608881 -2.55425 0.292 5.57158e-18 2.22863e-17 
98.304 7827.55 0.0102 0.02035 0.05 1.22204 1.0 0.05 0 0 -10 
0.9196049999999999 -6.0 0.0 -3.44158 0.824412 0.168173 0.590071 0.49964 0.5782579999999999 -1.21126 3.24071 -0.947732 1.9737799999999999 0.350866 -0.6291140000000001 -2.54949 0.292 6.1302499999999994e-18 2.4520999999999998e-17 
99.001 7876.34 0.0102 0.02035 0.05 1.22204 1.0 0.05 0 0 -10 
0.9124030000000001 -6.0 0.0 -3.4020699999999997 0.808683 0.152368 0.590328 0.49881000000000003 0.583889 -1.2321 3.24043 -0.9657399999999999 1.9858799999999999 0.325762 -0.6490020000000001 -2.54481 0.292 6.679400000000001e-18 2.6717600000000003e-17 
99.7535 7911.89 0.0102 0.02035 0.05 1.22204 1.0 0.05 0 0 -10 
0.905385 -6.0 0.0 -3.3635699999999997 0.793355 0.136968 0.590579 0.49705900000000003 0.589376 -1.25241 3.24016 -0.983289 1.99767 0.3013 -0.6683819999999999 -2.54025 0.292 7.21452e-18 2.88581e-17 
100.559 7937.6 0.0102 0.02035 0.05 1.22204 1.0 0.05 0 0 -10 
0.898601 -6.0 0.0 -3.32635 0.778537 0.12207799999999999 0.590821 0.493982 0.594681 -1.27205 3.2399 -1.00025 2.00907 0.27765100000000004 -0.687118 -2.53585 0.292 7.73186e-18 3.0927500000000004e-17 
101.415 7956.05 0.0102 0.02035 0.05 1.22204 1.0 0.05 0 0 -10 
0.8920889999999999 -6.0 0.0 -3.29063 0.764316 0.10778900000000001 0.591054 0.489203 0.599772 -1.2908899999999999 3.23965 -1.01654 2.0200099999999996 0.254954 -0.7051 -2.53162 0.292 8.228370000000001e-18 3.29135e-17 
102.318 7969.2 0.0102 0.02035 0.05 1.22204 1.0 0.05 0 0 -10 
0.885893 -6.0 0.0 -3.25664 0.750782 0.094191 0.591275 0.482418 0.604617 -1.30882 3.23941 -1.03203 2.03043 0.233355 -0.722212 -2.52759 0.292 8.70086e-18 3.4803400000000004e-17 
103.265 7978.53 0.0102 0.02035 0.05 1.22204 1.0 0.05 0 0 -10 
0.880078 -6.0 0.0 -3.22474 0.738083 0.0814313 0.591483 0.473422 0.609163 -1.32565 3.2391900000000002 -1.04657 2.04019 0.213087 -0.738268 -2.52382 0.292 9.144209999999999e-18 3.65769e-17 
104.251 7985.09 0.0102 0.02035 0.05 1.22204 1.0 0.05 0 0 -10 
0.8747450000000001 -6.0 0.0 -3.19549 0.726435 0.0697274 0.591673 0.462109 0.613333 -1.3410799999999998 3.2389799999999997 -1.0599100000000001 2.0491599999999996 0.194497 -0.752996 -2.52035 0.292 9.550880000000001e-18 3.82035e-17 
105.272 7989.7 0.0102 0.02035 0.05 1.22204 1.0 0.05 0 0 -10 
0.870014 -6.0 0.0 -3.16953 0.716101 0.059344100000000004 0.591842 0.44848299999999997 0.617032 -1.35477 3.2388 -1.07174 2.0571099999999998 0.178004 -0.766063 -2.51728 0.292 9.911669999999999e-18 3.9646700000000003e-17 
106.325 7992.91 0.0102 0.02035 0.05 1.22204 1.0 0.05 0 0 -10 
0.866009 -6.0 0.0 -3.14756 0.7073550000000001 0.050556199999999996 0.591985 0.432638 0.620163 -1.36636 3.23865 -1.08175 2.06383 0.164046 -0.777121 -2.51468 0.292 1.0217e-17 4.08681e-17 
107.404 7995.13 0.0102 0.02035 0.05 1.22204 1.0 0.05 0 0 -10 
0.8628459999999999 -6.0 0.0 -3.13021 0.700446 0.043614 0.5920979999999999 0.41474700000000003 0.622637 -1.37552 3.2385200000000003 -1.08966 2.06915 0.15301900000000002 -0.7858569999999999 -2.51263 0.292 1.0458199999999999e-17 4.18329e-17 
108.506 7996.67 0.0102 0.02035 0.05 1.22204 1.0 0.05 0 0 -10 
0.860614 -6.0 0.0 -3.11797 0.695571 0.0387156 0.592178 0.395044 0.624382 -1.38198 3.23844 -1.09524 2.0729 0.145239 -0.792021 -2.51118 0.292 1.06284e-17 4.25138e-17 
109.626 7997.73 0.0102 0.02035 0.05 1.22204 1.0 0.05 0 0 -10 
0.8593719999999999 -6.0 0.0 -3.11115 0.692859 0.0359909 0.592222 0.373808 0.6253529999999999 -1.38557 3.2383900000000003 -1.09835 2.07499 0.14091099999999998 -0.79545 -2.51037 0.292 1.07231e-17 4.28925e-17 
110.76 7998.46 0.0102 0.02035 0.05 1.22204 1.0 0.05 0 0 -10 
0.859146 -6.0 0.0 -3.1099099999999997 0.692365 0.035494599999999994 0.5922310000000001 0.35134099999999996 0.625529 -1.3862299999999999 3.23838 -1.09891 2.07537 0.140122 -0.796074 -2.51022 0.292 1.07404e-17 4.2961400000000006e-17 
111.90299999999999 7998.96 0.0102 0.02035 0.05 1.22204 1.0 0.05 0 0 -10 
0.859926 -6.0 0.0 -3.1142 0.69407 0.0372075 0.5922029999999999 0.32795799999999997 0.624919 -1.3839700000000001 3.23841 -1.09696 2.07405 0.142843 -0.7939189999999999 -2.51073 0.292 1.0680799999999998e-17 4.27234e-17 
113.051 7999.3 0.0102 0.02035 0.05 1.22204 1.0 0.05 0 0 -10 
0.8616739999999999 -6.0 0.0 -3.12378 0.697887 0.041043199999999995 0.59214 0.30396999999999996 0.623553 -1.37891 3.23848 -1.09259 2.07112 0.14893599999999999 -0.789092 -2.51186 0.292 1.0547600000000001e-17 4.2190299999999997e-17 
114.20100000000001 7999.53 0.0102 0.02035 0.05 1.22204 1.0 0.05 0 0 -10 
0.864324 -6.0 0.0 -3.13832 0.703675 0.046859 0.592046 0.27967600000000004 0.62148 -1.37124 3.23858 -1.08596 2.0666599999999997 0.158173 -0.781774 -2.51359 0.292 1.03455e-17 4.138189999999999e-17 
115.348 7999.68 0.0102 0.02035 0.05 1.22204 1.0 0.05 0 0 -10 
0.867792 -6.0 0.0 -3.15734 0.711248 0.0544678 0.5919220000000001 0.255353 0.6187699999999999 -1.36121 3.2387200000000003 -1.0772899999999999 2.0608400000000002 0.170259 -0.772199 -2.5158400000000003 0.292 1.00811e-17 4.03244e-17 
116.48899999999999 7999.79 0.0102 0.02035 0.05 1.22204 1.0 0.05 0 0 -10 
0.871976 -6.0 0.0 -3.1803 0.720388 0.063651 0.5917720000000001 0.23125300000000001 0.615498 -1.3491 3.23888 -1.06683 2.05381 0.184846 -0.7606430000000001 -2.51855 0.292 9.76202e-18 3.90481e-17 
117.62 7999.86 0.0102 0.02035 0.05 1.22204 1.0 0.05 0 0 -10 
0.87677 -6.0 0.0 -3.2066 0.730858 0.07417130000000001 0.591601 0.207596 0.61175 -1.33522 3.23906 -1.05484 2.04575 0.20155599999999999 -0.747404 -2.52167 0.292 9.39648e-18 3.75859e-17 
118.738 7999.91 0.0102 0.02035 0.05 1.22204 1.0 0.05 0 0 -10 
0.8820610000000001 -6.0 0.0 -3.23562 0.742414 0.0857826 0.5914119999999999 0.184572 0.607613 -1.3199100000000001 3.23926 -1.0416100000000001 2.03686 0.21999899999999997 -0.732793 -2.5251 0.292 8.993020000000001e-18 3.59721e-17 
119.84 7999.94 0.0102 0.02035 0.05 1.22204 1.0 0.05 0 0 -10 
0.8877379999999999 -6.0 0.0 -3.2667599999999997 0.754813 0.09824060000000001 0.591209 0.162339 0.603174 -1.30348 3.23948 -1.02742 2.02732 0.239787 -0.717116 -2.5287900000000003 0.292 8.56015e-18 3.42406e-17 
120.92299999999999 7999.96 0.0102 0.02035 0.05 1.22204 1.0 0.05 0 0 -10 
0.8936930000000001 -6.0 0.0 -3.29943 0.7678189999999999 0.11130899999999999 0.590997 0.141022 0.598518 -1.28625 3.2397099999999996 -1.01253 2.0173200000000002 0.26054499999999997 -0.70067 -2.53266 0.292 8.10605e-18 3.24242e-17 
121.986 7999.97 0.0102 0.02035 0.05 1.22204 1.0 0.05 0 0 -10 
0.899826 -6.0 0.0 -3.3330800000000003 0.7812140000000001 0.124768 0.590778 0.120718 0.593723 -1.2685 3.23995 -0.997189 2.0070099999999997 0.281923 -0.6837340000000001 -2.5366400000000002 0.292 7.638400000000001e-18 3.0553600000000004e-17 
123.025 7999.98 0.0102 0.02035 0.05 1.22204 1.0 0.05 0 0 -10 
0.9060450000000001 -6.0 0.0 -3.3671900000000003 0.7947960000000001 0.138415 0.5905560000000001 0.101496 0.588861 -1.2505 3.24019 -0.98164 1.9965700000000002 0.30359899999999995 -0.666561 -2.54068 0.292 7.16423e-18 2.8656900000000003e-17 
124.039 7999.99 0.0102 0.02035 0.05 1.22204 1.0 0.05 0 0 -10 
0.912267 -6.0 0.0 -3.4013199999999997 0.808385 0.152069 0.590333 0.0834005 0.583996 -1.2325 3.24043 -0.966081 1.9861099999999998 0.325287 -0.649379 -2.54472 0.292 6.6898e-18 2.67592e-17 
125.02600000000001 7999.99 0.0102 0.02035 0.05 1.22204 1.0 0.05 0 0 -10 
0.9184200000000001 -6.0 0.0 -3.43508 0.821824 0.165573 0.590114 0.0664548 0.5791850000000001 -1.21469 3.2406599999999997 -0.950694 1.97577 0.346736 -0.632386 -2.54872 0.292 6.220589999999999e-18 2.48824e-17 
125.984 7999.99 0.0102 0.02035 0.05 1.22204 1.0 0.05 0 0 -10 
0.924444 -6.0 0.0 -3.46812 0.834981 0.178792 0.5898979999999999 0.0506628 0.574475 -1.19726 3.2408900000000003 -0.935631 1.96565 0.367734 -0.61575 -2.5526299999999997 0.292 5.76125e-18 2.3045e-17 
126.913 8000.0 0.0102 0.02035 0.05 1.22204 1.0 0.05 0 0 -10 
0.9302879999999999 -6.0 0.0 -3.5001800000000003 0.847744 0.191617 0.5896899999999999 0.036012999999999996 0.569906 -1.18034 3.24112 -0.921018 1.95583 0.388104 -0.599612 -2.5564299999999998 0.292 5.31565e-18 2.12626e-17 
127.811 8000.0 0.0102 0.02035 0.05 1.22204 1.0 0.05 0 0 -10 
0.935911 -6.0 0.0 -3.5310300000000003 0.8600260000000001 0.203957 0.589489 0.0224805 0.565509 -1.1640700000000002 3.24134 -0.906957 1.94638 0.407704 -0.584084 -2.56008 0.292 4.88688e-18 1.9547500000000002e-17 
128.679 8000.0 0.0102 0.02035 0.05 1.22204 1.0 0.05 0 0 -10 
0.941282 -6.0 0.0 -3.56049 0.871756 0.215743 0.5892970000000001 0.010029999999999999 0.5613100000000001 -1.1485299999999998 3.24154 -0.8935270000000001 1.9373599999999997 0.426426 -0.5692520000000001 -2.56357 0.292 4.4773400000000006e-18 1.79094e-17 
129.514 8000.0 0.0102 0.02035 0.05 1.22204 1.0 0.05 0 0 -10 
0.946378 -6.0 0.0 -3.5884400000000003 0.882885 0.22692600000000002 0.5891149999999999 -0.00138207 0.557326 -1.13378 3.24174 -0.880785 1.9288 0.444188 -0.55518 -2.56687 0.292 4.08878e-18 1.63551e-17 
130.317 8000.0 0.0102 0.02035 0.05 1.22204 1.0 0.05 0 0 -10 
0.951183 -6.0 0.0 -3.6148 0.89338 0.23747100000000002 0.588943 -0.0118054 0.553569 -1.1198700000000001 3.24192 -0.86877 1.92072 0.460937 -0.54191 -2.57 0.292 3.722380000000001e-18 1.48895e-17 
131.08700000000002 8000.0 0.0102 0.02035 0.05 1.22204 1.0 0.05 0 0 -10 
0.9556879999999999 -6.0 0.0 -3.6395199999999996 0.9032209999999999 0.247358 0.588783 -0.0212939 0.550046 -1.10684 3.2421 -0.857503 1.91315 0.47664300000000004 -0.529468 -2.57292 0.292 3.3788199999999996e-18 1.35153e-17 
131.826 8000.0 0.0102 0.02035 0.05 1.22204 1.0 0.05 0 0 -10 
0.9598909999999999 -6.0 0.0 -3.66258 0.9124 0.256581 0.5886319999999999 -0.029904400000000005 0.54676 -1.09467 3.24226 -0.846994 1.90609 0.49129300000000004 -0.517862 -2.57565 0.292 3.05835e-18 1.22334e-17 
132.532 8000.0 0.0102 0.02035 0.05 1.22204 1.0 0.05 0 0 -10 
0.963793 -6.0 0.0 -3.6839800000000005 0.9209209999999999 0.265144 0.588493 -0.0376947 0.543709 -1.08338 3.24241 -0.8372370000000001 1.8995400000000002 0.504893 -0.507088 -2.57819 0.292 2.76084e-18 7.82787e-07 
133.20600000000002 8000.0 0.0102 0.02035 0.05 1.22204 1.0 0.05 0 0 -10 
0.967399 -5.999969999999999 0.0 -3.70375 0.928774 0.27305799999999997 0.588342 -0.0447231 0.540902 -1.07295 3.2426 -0.828206 1.89353 0.51745 -0.49715699999999996 -2.58052 0.292 2.48615e-18 3.86538e-05 
133.849 8000.0 0.0102 0.02035 0.05 1.22204 1.0 0.05 0 0 -10 
0.9707180000000001 -5.99979 0.0 -3.7219 0.9358620000000001 0.280352 0.588068 -0.0510472 0.5383899999999999 -1.06339 3.24313 -0.819808 1.8883299999999998 0.528934 -0.48818500000000004 -2.5826 0.29199899999999995 2.23494e-18 0.000302519 
134.46 8000.0 0.0102 0.02035 0.05 1.22204 1.0 0.05 0 0 -10 
0.9737600000000001 -5.9991699999999994 0.0 -3.73841 0.9419629999999999 0.287064 0.587433 -0.0567231 0.536293 -1.05474 3.2446 -0.81186 1.88447 0.539254 -0.480434 -2.58435 0.291995 2.00917e-18 0.00119872 
135.042 8000.0 0.0102 0.02035 0.05 1.22204 1.0 0.05 0 0 -10 
0.9765389999999999 -5.99771 0.0 -3.7532300000000003 0.946751 0.293248 0.586094 -0.061804899999999996 0.5347850000000001 -1.04706 3.2479 -0.80411 1.8827599999999998 0.54827 -0.47429399999999994 -2.5856 0.291987 1.8119200000000002e-18 0.00331025 
135.594 8000.0 0.0102 0.02035 0.05 1.22204 1.0 0.05 0 0 -10 
0.9790690000000001 -5.99495 0.0 -3.76631 0.9498530000000001 0.29896 0.583658 -0.0663442 0.534064 -1.0404200000000001 3.2540400000000003 -0.796268 1.88411 0.555819 -0.470211 -2.5862 0.291971 1.64675e-18 0.0073054 
136.11700000000002 8000.0 0.0102 0.02035 0.05 1.22204 1.0 0.05 0 0 -10 
0.9813639999999999 -5.99043 0.0 -3.7775800000000004 0.950901 0.304261 0.579738 -0.07039010000000001 0.534326 -1.0348899999999999 3.264 -0.788049 1.88942 0.5617449999999999 -0.46862200000000004 -2.5859799999999997 0.29194499999999995 1.51708e-18 0.0138417 
136.612 8000.0 0.0102 0.02035 0.05 1.22204 1.0 0.05 0 0 -10 
0.98344 -5.98376 0.0 -3.78703 0.949585 0.309206 0.574 -0.0739886 0.535737 -1.03053 3.27866 -0.779197 1.89945 0.56592 -0.469896 -2.58481 0.291906 1.42569e-18 0.0234875 
137.08 8000.0 0.0102 0.02035 0.05 1.22204 1.0 0.05 0 0 -10 
0.9853129999999999 -5.97465 0.0 -3.79466 0.94568 0.313847 0.5661930000000001 -0.0771828 0.538419 -1.02736 3.29866 -0.769513 1.9147900000000002 0.568263 -0.47430200000000006 -2.58258 0.29185300000000003 1.37434e-18 0.0366688 
137.52200000000002 8000.0 0.0102015 0.0203511 0.0500019 1.22204 1.0 0.0499999 0 0 -10 
0.9869979999999999 -5.96291 0.0 -3.80049 0.9390629999999999 0.318228 0.5561659999999999 -0.08001269999999999 0.542442 -1.02538 3.32438 -0.758861 1.93575 0.568747 -0.48198199999999997 -2.57923 0.291785 1.36365e-18 0.053641999999999995 
137.938 8000.0 0.0102119 0.0203588 0.0500149 1.22204 1.0 0.0499991 0 0 -10 
0.988509 -5.9485 0.0 -3.80459 0.9297190000000001 0.322386 0.543871 -0.0825152 0.547818 -1.02457 3.35595 -0.7471720000000001 1.9624400000000002 0.567397 -0.49295500000000003 -2.57477 0.291702 1.3930400000000001e-18 0.07448810000000002 
138.33100000000002 8000.0 0.0102471 0.0203851 0.050059 1.22204 1.0 0.0499965 0 0 -10 
0.9898620000000001 -5.93147 0.0 -3.80705 0.917731 0.326347 0.529357 -0.0847243 0.5545100000000001 -1.02486 3.3932300000000004 -0.7344430000000001 1.9947 0.564291 -0.5071180000000001 -2.56921 0.291604 1.46082e-18 0.09912289999999999 
138.7 8000.0 0.0103304 0.020447200000000002 0.050163400000000004 1.22204 1.0 0.0499902 0 0 -10 
0.9910700000000001 -5.911969999999999 0.0 -3.80801 0.903266 0.330135 0.512758 -0.0866711 0.5624359999999999 -1.0261799999999999 3.4359 -0.720724 2.0322 0.55955 -0.524269 -2.56262 0.291491 1.56435e-18 0.12731800000000001 
139.047 8000.0 0.0104884 0.020565 0.0503614 1.22204 1.0 0.0499783 0 0 -10 
0.9921469999999999 -5.89025 0.0 -3.8076 0.8865620000000001 0.33376300000000003 0.494274 -0.08838389999999999 0.571477 -1.0284200000000001 3.4834199999999997 -0.7061149999999999 2.07444 0.553329 -0.544121 -2.55511 0.291365 1.7002400000000001e-18 0.15872999999999998 
139.373 8000.0 0.0107473 0.020758000000000002 0.0506858 1.22204 1.0 0.0499589 0 0 -10 
0.9931040000000001 -5.86661 0.0 -3.80597 0.867908 0.337241 0.474159 -0.0898885 0.581487 -1.03149 3.53515 -0.690747 2.1207700000000003 0.5458069999999999 -0.566326 -2.54679 0.29122800000000004 1.86456e-18 0.192929 
139.679 8000.0 0.011129799999999999 0.0210433 0.0511652 1.22204 1.0 0.0499301 0 0 -10 
0.9939530000000001 -5.84138 0.0 -3.80329 0.8476229999999999 0.340575 0.452697 -0.0912083 0.592305 -1.03526 3.5903400000000003 -0.6747770000000001 2.1705200000000002 0.537179 -0.5905 -2.5378 0.291082 2.0530599999999998e-18 0.22942600000000002 
139.34851557038485 8000.0 0.011653100000000001 0.0214335 0.051821000000000006 1.22204 1.0 0.049890699999999996 0 0 -10 
0.994705 -5.81491 0.0 -3.7997199999999998 0.826046 0.34376799999999996 0.43019300000000005 -0.0923643 0.6037600000000001 -1.03962 3.6482300000000003 -0.658374 2.2229200000000002 0.527646 -0.616237 -2.52828 0.290929 2.26134e-18 0.267704 
139.44159166260548 8000.0 0.012327600000000001 0.0219363 0.052666099999999993 1.22204 1.0 0.049839999999999995 0 0 -10 
0.9953700000000001 -5.78757 0.0 -3.79541 0.8035140000000001 0.34681999999999996 0.406953 -0.09337530000000001 0.615679 -1.04445 3.70802 -0.6417109999999999 2.27723 0.51741 -0.643129 -2.51838 0.290771 2.485e-18 0.307242 
139.47724361993846 8000.0 0.0131565 0.022554400000000002 0.0537049 1.22204 1.0 0.0497777 0 0 -10 
0.995956 -5.75972 0.0 -3.7905300000000004 0.780356 0.349731 0.383275 -0.09425850000000001 0.627895 -1.0496299999999998 3.76894 -0.624959 2.3327299999999997 0.506663 -0.670782 -2.5082299999999997 0.29061 2.7198300000000003e-18 0.34753 
139.44890708322188 8000.0 0.014136700000000002 0.0232853 0.0549332 1.22204 1.0 0.049704000000000005 0 0 -10 
0.9964729999999999 -5.73168 0.0 -3.7852099999999997 0.756883 0.35249899999999995 0.359442 -0.0950289 0.64025 -1.05505 3.83026 -0.60828 2.38872 0.49558800000000003 -0.698824 -2.49796 0.290448 2.9618400000000004e-18 0.388086 
139.35171368652126 8000.0 0.015259100000000001 0.0241222 0.0563398 1.22204 1.0 0.0496196 0 0 -10 
0.996927 -5.70376 0.0 -3.77958 0.733379 0.355124 0.335712 -0.0957002 0.6525989999999999 -1.06063 3.89131 -0.5918220000000001 2.4445799999999998 0.48435 -0.726912 -2.4877 0.290286 3.2074200000000002e-18 0.42846999999999996 
139.1786916109615 8000.0 0.0165102 0.025055 0.05790750000000001 1.22204 1.0 0.049525599999999996 0 0 -10 
0.997326 -5.67623 0.0 -3.77376 0.710096 0.357604 0.312317 -0.0962843 0.664814 -1.06627 3.95152 -0.575717 2.49973 0.47309799999999996 -0.754742 -2.47755 0.290127 3.45329e-18 0.46828800000000004 
138.92402227508111 8000.0 0.017872700000000002 0.0260709 0.0596149 1.22204 1.0 0.0494231 0 0 -10 
0.997676 -5.6493199999999995 0.0 -3.76785 0.6872560000000001 0.35994 0.289455 -0.0967921 0.676782 -1.0719 4.01034 -0.560079 2.5537 0.461963 -0.78205 -2.4676099999999996 0.289971 3.6966199999999995e-18 0.5072 
138.58235153196526 8000.0 0.0193273 0.0271555 0.06143780000000001 1.22204 1.0 0.049313699999999995 0 0 -10 
0.9979819999999999 -5.62324 0.0 -3.76195 0.665045 0.362133 0.267297 -0.0972329 0.688409 -1.07746 4.0673699999999995 -0.545004 2.60606 0.45105500000000004 -0.80861 -2.45795 0.28981999999999997 9.09481e-09 0.544918 
138.1491495129794 8000.0 0.0208534 0.0282933 0.0633502 1.22204 1.0 0.049199 0 0 -10 
0.998238 -5.59814 0.0 -3.75609 0.643599 0.364193 0.24600100000000003 -0.0976152 0.699627 -1.08289 4.1222199999999996 -0.530569 2.6564900000000002 0.44046499999999994 -0.834255 -2.44863 0.289672 2.4938400000000003e-07 0.581205 
137.6201084976159 8000.0 0.022430099999999998 0.029469 0.065326 1.22204 1.0 0.0490804 0 0 -10 
0.9984040000000001 -5.57407 0.0 -3.7502400000000002 0.622962 0.366163 0.225758 -0.09794639999999999 0.710421 -1.0882 4.17462 -0.51684 2.7046799999999998 0.430252 -0.858907 -2.43966 0.289513 1.64264e-06 0.615877 
136.99356320403334 8000.0 0.0240371 0.030667200000000002 0.0673398 1.22204 1.0 0.0489596 0 0 -10 
0.998396 -5.551 0.0 -3.7442300000000004 0.603078 0.368123 0.20681100000000002 -0.0982331 0.7208319999999999 -1.09343 4.22435 -0.5038739999999999 2.7504299999999997 0.42045299999999997 -0.8825940000000001 -2.4310099999999997 0.28931799999999996 6.00633e-06 0.648799 
136.26991308145895 8000.0 0.025655200000000003 0.0318736 0.0693674 1.22204 1.0 0.048838 0 0 -10 
0.9980959999999999 -5.52883 0.0 -3.7378 0.583805 0.370184 0.18944 -0.098481 0.730952 -1.09869 4.27123 -0.491717 2.79355 0.411075 -0.9054260000000001 -2.4226 0.289052 1.58423e-05 0.679875 
135.45202200759823 8000.0 0.0272667 0.03307519999999999 0.0713868 1.22204 1.0 0.0487168 0 0 -10 
0.9973700000000001 -5.5074 0.0 -3.73066 0.564954 0.372471 0.173927 -0.09869510000000001 0.740897 -1.10408 4.31515 -0.480405 2.83391 0.402111 -0.927565 -2.41434 0.288674 3.39471e-05 0.70905 
134.544567746906 8000.0 0.028855900000000004 0.0342601 0.07337830000000001 1.22204 1.0 0.0485973 0 0 -10 
0.996092 -5.48654 0.0 -3.72252 0.5463210000000001 0.375103 0.160529 -0.09887989999999999 0.75079 -1.10972 4.35606 -0.469958 2.87144 0.393541 -0.949191 -2.40611 0.288146 6.301970000000001e-05 0.7363029999999999 
133.5553120886859 8000.0 0.030409199999999997 0.03541830000000001 0.07532480000000001 1.22204 1.0 0.0484805 0 0 -10 
0.994151 -5.466080000000001 0.0 -3.71311 0.52772 0.378184 0.149446 -0.0990392 0.760744 -1.11572 4.39395 -0.460387 2.90611 0.385343 -0.970474 -2.39784 0.287434 0.000105349 0.761641 
132.497263167036 8000.0 0.031915 0.036541000000000004 0.07721180000000001 1.22204 1.0 0.0483673 0 0 -10 
0.9914700000000001 -5.44589 0.0 -3.70226 0.508999 0.381791 0.140809 -0.0991765 0.770849 -1.12215 4.4288300000000005 -0.45168800000000003 2.93794 0.37749099999999997 -0.991559 -2.38945 0.286514 0.00016261 0.785094 
131.38370435096698 8000.0 0.0333639 0.0376214 0.0790275 1.22204 1.0 0.0482584 0 0 -10 
0.988002 -5.42586 0.0 -3.68983 0.490051 0.385973 0.134677 -0.0992946 0.7811670000000001 -1.12905 4.46079 -0.44384300000000004 2.96697 0.36996399999999996 -1.01255 -2.3808700000000003 0.28537199999999996 0.000235763 0.806715 
130.23406938871392 8000.0 0.0347486 0.0386538 0.0807626 1.22204 1.0 0.048154199999999994 0 0 -10 
0.98374 -5.405930000000001 0.0 -3.67582 0.470822 0.390744 0.131029 -0.0993962 0.7917270000000001 -1.13646 4.48991 -0.436824 2.99329 0.362743 -1.0335 -2.3721 0.284005 0.000325041 0.826567 
129.06765108561518 8000.0 0.0360634 0.0396341 0.0824103 1.22204 1.0 0.048055400000000005 0 0 -10 
0.9787049999999999 -5.386080000000001 0.0 -3.66025 0.451304 0.396093 0.129781 -0.0994835 0.8025329999999999 -1.14434 4.51633 -0.430596 3.01702 0.35581599999999997 -1.05444 -2.36312 0.282418 0.000429998 0.8447309999999999 
127.90814034476968 8000.0 0.037304699999999996 0.0405597 0.08396580000000001 1.22204 1.0 0.0479621 0 0 -10 
0.972949 -5.3663300000000005 0.0 -3.64325 0.43153199999999997 0.401983 0.13078900000000002 -0.09955850000000001 0.813559 -1.15268 4.54018 -0.42511400000000005 3.03829 0.349172 -1.07535 -2.35395 0.280627 0.0005496069999999999 0.861293 
126.7810033280524 8000.0 0.0384702 0.0414287 0.0854263 1.22204 1.0 0.047874400000000004 0 0 -10 
0.9665459999999999 -5.3467 0.0 -3.6249599999999997 0.411575 0.408355 0.133864 -0.09962280000000001 0.8247620000000001 -1.1614 4.56162 -0.42032700000000006 3.05725 0.34280700000000003 -1.09617 -2.34464 0.278652 0.000682375 0.876345 
125.71171602676134 8000.0 0.039559 0.0422405 0.0867907 1.22204 1.0 0.0477926 0 0 -10 
0.959586 -5.32726 0.0 -3.6056 0.39152800000000004 0.41513900000000004 0.138787 -0.099678 0.8360790000000001 -1.17044 4.5808 -0.41618299999999997 3.07407 0.336717 -1.11684 -2.33524 0.276518 0.0008264660000000001 0.889984 
124.72588674967172 8000.0 0.0405714 0.0429953 0.0880594 1.22204 1.0 0.0477164 0 0 -10 
0.952169 -5.30809 0.0 -3.5853900000000003 0.37150500000000003 0.422252 0.145315 -0.0997252 0.847441 -1.17972 4.5979 -0.41262600000000005 3.0889 0.330902 -1.13727 -2.32579 0.27425700000000003 0.000979825 0.9023049999999999 
123.84930696390447 8000.0 0.0415085 0.0436941 0.0892338 1.22204 1.0 0.047646 0 0 -10 
0.9444030000000001 -5.28927 0.0 -3.56457 0.351625 0.42960699999999996 0.153197 -0.0997657 0.858771 -1.18913 4.613090000000001 -0.40960100000000005 3.10193 0.325364 -1.15736 -2.31638 0.27189800000000003 0.00114029 0.9134059999999999 
123.10497861689427 8000.0 0.0423725 0.044338300000000004 0.0903164 1.22204 1.0 0.047581 0 0 -10 
0.936392 -5.27088 0.0 -3.54337 0.332013 0.43711700000000003 0.162183 -0.09980030000000001 0.869992 -1.1986 4.626530000000001 -0.407052 3.1133 0.320102 -1.1770200000000002 -2.30705 0.269472 0.00130569 0.9233809999999999 
122.51317071539874 8000.0 0.0431659 0.0449298 0.0913107 1.22204 1.0 0.0475214 0 0 -10 
0.928241 -5.25301 0.0 -3.5220300000000004 0.312787 0.444698 0.172029 -0.0998299 0.881028 -1.20804 4.638380000000001 -0.404927 3.12319 0.315118 -1.19615 -2.29788 0.26700999999999997 0.0014739 0.9323229999999999 
122.08955895546245 8000.0 0.043891900000000005 0.0454711 0.0922204 1.22204 1.0 0.0474668 0 0 -10 
0.9200450000000001 -5.23574 0.0 -3.5007599999999996 0.294059 0.45227 0.182506 -0.0998552 0.891812 -1.21736 4.64879 -0.40317600000000003 3.13175 0.31041199999999997 -1.2146700000000001 -2.28891 0.26453899999999997 0.00164296 0.940319 
121.84649930107784 8000.0 0.044553800000000005 0.0459647 0.09304989999999999 1.22204 1.0 0.047417 0 0 -10 
0.9118940000000001 -5.219130000000001 0.0 -3.4797599999999997 0.275927 0.45975900000000003 0.193402 -0.0998768 0.902278 -1.2265 4.65791 -0.401751 3.13912 0.30598200000000003 -1.2324899999999999 -2.28022 0.262086 0.00181104 0.9474540000000001 
121.78447965976252 8000.0 0.0451552 0.0464131 0.0938035 1.22204 1.0 0.0473718 0 0 -10 
0.903866 -5.20324 0.0 -3.4592099999999997 0.25847600000000004 0.46710100000000004 0.20452599999999999 -0.0998952 0.912374 -1.23539 4.66587 -0.400608 3.1454299999999997 0.30182600000000004 -1.24956 -2.27182 0.259673 0.00197655 0.9538059999999999 
121.90278361605132 8000.0 0.0456963 0.046816500000000004 0.09448150000000001 1.22204 1.0 0.0473311 0 0 -10 
0.896028 -5.18812 0.0 -3.43926 0.24177800000000002 0.47424099999999997 0.21570999999999999 -0.0999109 0.922055 -1.2439799999999999 4.6728 -0.399708 3.15082 0.297941 -1.2658200000000002 -2.26378 0.257321 0.00213809 0.95945 
122.18838730065849 8000.0 0.0461699 0.0471696 0.095075 1.22204 1.0 0.0472955 0 0 -10 
0.888439 -5.1738 0.0 -3.4200199999999996 0.225886 0.481133 0.22680799999999998 -0.09992430000000001 0.931284 -1.25222 4.6788099999999995 -0.399015 3.15539 0.29431999999999997 -1.2812299999999999 -2.25611 0.25504499999999997 0.0022945 0.964455 
122.6250958962612 8000.0 0.046560500000000005 0.0474609 0.09556460000000001 1.22204 1.0 0.0472661 0 0 -10 
0.881143 -5.16029 -1.15032e-09 -3.4016 0.21084 0.48773900000000003 0.237697 -0.0999358 0.9400350000000001 -1.2600799999999999 4.68401 -0.398496 3.1592599999999997 0.290957 -1.29577 -2.24883 0.252859 0.00244482 0.968885 
123.18991117875662 8000.0 0.046847 0.0476745 0.09592360000000001 1.22204 1.0 0.0472446 0 0 -10 
0.8741770000000001 -5.14762 -1.46695e-06 -3.3840800000000004 0.196666 0.49403199999999997 0.24827800000000003 -0.0999455 0.948297 -1.2675299999999998 4.68851 -0.398125 3.1625099999999997 0.28784499999999996 -1.30942 -2.2419700000000002 0.250771 0.00259048 0.972792 
123.85760708544834 8000.0 0.0470062 0.047793199999999994 0.096123 1.22204 1.0 0.0472326 0 0 -10 
0.867559 -5.13584 -2.1807e-05 -3.3675300000000004 0.183366 0.500017 0.25848000000000004 -0.09995369999999999 0.956134 -1.2745799999999998 4.6923699999999995 -0.397917 3.1652099999999996 0.285004 -1.32212 -2.2354700000000003 0.248771 0.00275669 0.9761479999999999 
124.59847774054161 8000.0 0.0470166 0.0478009 0.096136 1.22204 1.0 0.047231800000000004 0 0 -10 
0.8612799999999999 -5.1250800000000005 -0.000115993 -3.35204 0.170908 0.5057619999999999 0.268269 -0.0999608 0.963777 -1.28129 4.69568 -0.397976 3.16744 0.282507 -1.33368 -2.22918 0.246799 0.0030244 0.978743 
125.38021262465517 8000.0 0.046860900000000004 0.0476849 0.095941 1.22204 1.0 0.0472435 0 0 -10 
0.855302 -5.11559 -0.000380605 -3.33774 0.159226 0.5113989999999999 0.27765300000000004 -0.0999668 0.9716389999999999 -1.28779 4.6985 -0.398502 3.1692099999999996 0.280497 -1.34382 -2.22283 0.24475 0.00353625 0.980167 
126.171847347966 8000.0 0.0465282 0.04743680000000001 0.095524 1.22204 1.0 0.0472686 0 0 -10 
0.849569 -5.10771 -0.0009407069999999999 -3.32476 0.148231 0.5171100000000001 0.28667 -0.09997180000000001 0.9802629999999999 -1.29423 4.70087 -0.39976300000000003 3.1705200000000002 0.279156 -1.3521299999999998 -2.21605 0.24248000000000003 0.00447716 0.9798680000000001 
126.94373614292671 8000.0 0.0460139 0.0470533 0.09487949999999999 1.22204 1.0 0.047307199999999994 0 0 -10 
0.8440129999999999 -5.10176 -0.00193065 -3.31324 0.137819 0.523094 0.295375 -0.0999762 0.990232 -1.30079 4.70284 -0.402053 3.17139 0.278684 -1.35819 -2.2084599999999996 0.239837 0.0060459 0.977252 
127.66549374324183 8000.0 0.0453203 0.0465362 0.0940104 1.22204 1.0 0.047359399999999996 0 0 -10 
0.838565 -5.09807 -0.00347601 -3.3033 0.127886 0.52954 0.30382800000000004 -0.0999798 1.0021 -1.30766 4.70444 -0.405645 3.1718 0.279264 -1.36162 -2.1996700000000002 0.23667600000000003 0.00842836 0.971757 
128.31185943102506 8000.0 0.044455800000000004 0.0458916 0.092927 1.22204 1.0 0.047424400000000005 0 0 -10 
0.8331639999999999 -5.09687 -0.00567985 -3.2950199999999996 0.118336 0.53661 0.31208800000000003 -0.0999829 1.0163200000000001 -1.31497 4.7057 -0.410764 3.17175 0.281047 -1.36211 -2.18939 0.23287399999999997 0.0117772 0.9629280000000001 
128.86144409269104 8000.0 0.0434337 0.0451295 0.09164630000000001 1.22204 1.0 0.04750119999999999 0 0 -10 
0.82776 -5.09834 -0.00861142 -3.2884300000000004 0.109088 0.544421 0.320204 -0.09998560000000001 1.03321 -1.32282 4.70665 -0.417566 3.1712599999999997 0.28413499999999997 -1.3594600000000001 -2.1774 0.22835100000000003 0.0161951 0.950449 
129.2953312911445 8000.0 0.0422716 0.044263 0.09018999999999999 1.22204 1.0 0.047588599999999995 0 0 -10 
0.822304 -5.102469999999999 -0.0122849 -3.28345 0.100084 0.553028 0.328205 -0.0999878 1.05291 -1.3311600000000001 4.7072400000000005 -0.426126 3.17035 0.288593 -1.35353 -2.16359 0.22309 0.021702900000000004 0.934164 
129.59851468259876 8000.0 0.040989599999999994 0.043307099999999994 0.08858339999999999 1.22204 1.0 0.047685000000000005 0 0 -10 
0.816734 -5.10912 -0.0166403 -3.2798300000000005 0.09128710000000001 0.562416 0.336097 -0.09998969999999999 1.0752899999999999 -1.33966 4.70728 -0.436434 3.16912 0.294469 -1.34422 -2.14803 0.217171 0.028210900000000004 0.914061 
129.763165606291 8000.0 0.039609399999999996 0.0422781 0.0868539 1.22204 1.0 0.047788800000000006 0 0 -10 
0.81098 -5.11793 -0.021546 -3.27716 0.0826878 0.572501 0.343861 -0.0999913 1.1 -1.34776 4.70646 -0.448403 3.1677400000000002 0.30179 -1.33144 -2.1309099999999996 0.210763 0.035522500000000005 0.890267 
129.78373545334452 8000.0 0.0381536 0.041192599999999996 0.0850295 1.22204 1.0 0.047898199999999995 0 0 -10 
0.804964 -5.12847 -0.026818400000000003 -3.2749 0.0742942 0.583145 0.351461 -0.0999926 1.12652 -1.3547 4.70437 -0.46188199999999996 3.16637 0.310569 -1.31512 -2.1125599999999998 0.204102 0.043364099999999996 0.863023 
129.65990672684416 8000.0 0.036644300000000005 0.0400672 0.0831382 1.22204 1.0 0.0480117 0 0 -10 
0.798617 -5.1401900000000005 -0.032247399999999996 -3.27247 0.0661289 0.594179 0.35884699999999997 -0.0999938 1.1542 -1.35968 4.7006 -0.476674 3.1652299999999998 0.320786 -1.2952700000000001 -2.09334 0.197455 0.0514225 0.832667 
129.39341399391486 8000.0 0.0351027 0.0389178 0.0812064 1.22204 1.0 0.0481276 0 0 -10 
0.791883 -5.15256 -0.03761969999999999 -3.26933 0.0582221 0.605417 0.36596799999999996 -0.0999948 1.18239 -1.36194 4.69476 -0.492546 3.1645 0.332392 -1.27195 -2.07366 0.191089 0.059379999999999995 0.799608 
128.9907608903319 8000.0 0.0335486 0.037759100000000004 0.0792589 1.22204 1.0 0.0482445 0 0 -10 
0.784729 -5.16505 -0.0427371 -3.265 0.050607400000000004 0.6166729999999999 0.372772 -0.0999956 1.21043 -1.36083 4.68654 -0.509255 3.16434 0.345303 -1.2453299999999998 -2.05392 0.18525 0.06694169999999999 0.764302 
128.45986189111983 8000.0 0.032 0.0366044 0.07731829999999999 1.22204 1.0 0.048360900000000005 0 0 -10 
0.777144 -5.177219999999999 -0.0474295 -3.25908 0.0433176 0.627775 0.379214 -0.09999630000000001 1.23775 -1.3559 4.67575 -0.5265489999999999 3.16488 0.35940300000000003 -1.21564 -2.0344900000000004 0.180141 0.0738551 0.727234 
127.81363784033273 8000.0 0.0304726 0.0354656 0.07540430000000001 1.22204 1.0 0.0484757 0 0 -10 
0.7691399999999999 -5.188680000000001 -0.051562199999999996 -3.2513400000000003 0.036381800000000006 0.6385689999999999 0.385258 -0.0999969 1.26385 -1.34684 4.66231 -0.544187 3.16621 0.374546 -1.1832 -2.01569 0.175919 0.0799207 0.688895 
127.06259254400162 8000.0 0.028980099999999998 0.0343527 0.073534 1.22204 1.0 0.048588 0 0 -10 
0.7607520000000001 -5.19913 -0.0550385 -3.24162 0.0298238 0.648927 0.390875 -0.0999974 1.28833 -1.33358 4.64624 -0.561942 3.16836 0.39056799999999997 -1.1483700000000001 -1.99777 0.17268699999999998 0.0849957 0.649763 
126.22039449485307 8000.0 0.027533799999999997 0.03327430000000001 0.0717216 1.22204 1.0 0.048696699999999996 0 0 -10 
0.7520319999999999 -5.20836 -0.0577991 -3.22989 0.023661 0.658747 0.39605100000000004 -0.09999780000000001 1.3109 -1.31618 4.627680000000001 -0.5796060000000001 3.1713400000000003 0.407287 -1.1115700000000002 -1.98095 0.170502 0.0889938 0.610296 
125.30048350086172 8000.0 0.026143 0.032237299999999997 0.06997869999999999 1.22204 1.0 0.048801300000000006 0 0 -10 
0.743045 -5.21623 -0.0598192 -3.21622 0.017904 0.667955 0.400778 -0.0999981 1.33136 -1.2948899999999999 4.60684 -0.5969979999999999 3.1751099999999997 0.424516 -1.07325 -1.96535 0.16937 0.0918794 0.570914 
124.31771712557686 8000.0 0.0248149 0.031247000000000004 0.06831439999999998 1.22204 1.0 0.048901099999999996 0 0 -10 
0.733865 -5.22268 -0.0611034 -3.20075 0.012556900000000001 0.676499 0.40506 -0.09999839999999999 1.3496 -1.27005 4.584 -0.613961 3.17961 0.442065 -1.03386 -1.9510900000000002 0.16926300000000002 0.0936617 0.531998 
123.28506687271982 8000.0 0.0235546 0.0303074 0.0667351 1.22204 1.0 0.0489959 0 0 -10 
0.724572 -5.22771 -0.0616809 -3.1836900000000004 0.00761787 0.684353 0.408906 -0.0999987 1.36561 -1.24211 4.55947 -0.630364 3.18477 0.45975299999999997 -0.9938299999999999 -1.93819 0.170122 0.0943857 0.493881 
122.21436934530979 8000.0 0.022365799999999998 0.029421 0.06524540000000001 1.22204 1.0 0.0490853 0 0 -10 
0.715246 -5.23135 -0.0615996 -3.16528 0.00307947 0.691508 0.41233400000000003 -0.09999889999999999 1.37941 -1.21155 4.53362 -0.646105 3.19049 0.477405 -0.9536 -1.92667 0.17186099999999999 0.09412480000000001 0.45684600000000003 
121.1191334719566 8000.0 0.021250599999999998 0.028589499999999997 0.0638479 1.22204 1.0 0.0491691 0 0 -10 
0.705966 -5.23369 -0.060921 -3.1457900000000003 -0.00107008 0.69797 0.415365 -0.09999910000000001 1.3911 -1.17889 4.5068 -0.661103 3.19667 0.49486499999999994 -0.91356 -1.91648 0.17438199999999998 0.0929724 0.421129 
120.46700000000001 8000.0 0.0202097 0.0278133 0.0625434 1.22204 1.0 0.0492474 0 0 -10 
0.696806 -5.23484 -0.0597155 -3.1255 -0.00484627 0.703762 0.41802399999999995 -0.0999992 1.4008 -1.14468 4.47935 -0.6753 3.20321 0.51199 -0.8740680000000001 -1.9075799999999998 0.17757699999999998 0.09103480000000001 0.386919 
119.244 8000.0 0.0192426 0.0270923 0.0613316 1.22204 1.0 0.0493201 0 0 -10 
0.687833 -5.23493 -0.0580578 -3.10469 -0.00826742 0.708913 0.42033999999999994 -0.0999993 1.40867 -1.10943 4.45162 -0.688659 3.2099900000000003 0.528656 -0.83544 -1.89989 0.181331 0.088425 0.35435900000000004 
118.04700000000001 8000.0 0.0183482 0.0264254 0.06021080000000001 1.22204 1.0 0.049387400000000005 0 0 -10 
0.679106 -5.23407 -0.0560241 -3.0836200000000002 -0.011353799999999999 0.713461 0.42233999999999994 -0.09999939999999999 1.41487 -1.07362 4.42391 -0.70116 3.21692 0.5447609999999999 -0.7979470000000001 -1.8933200000000001 0.185534 0.0852575 0.323549 
116.88 8000.0 0.0175243 0.0258111 0.0591783 1.22204 1.0 0.04944930000000001 0 0 -10 
0.6706770000000001 -5.23243 -0.05368869999999999 -3.0625299999999998 -0.014127200000000001 0.717448 0.424055 -0.0999995 1.4195799999999998 -1.0377 4.3965 -0.712799 3.22392 0.5602189999999999 -0.7618119999999999 -1.8877700000000002 0.190077 0.08164450000000001 0.294555 
115.74600000000001 8000.0 0.0167683 0.025247400000000003 0.05823099999999999 1.22204 1.0 0.0495061 0 0 -10 
0.662587 -5.230119999999999 -0.0511225 -3.04165 -0.0166099 0.72092 0.42551400000000006 -0.09999960000000001 1.42299 -1.00207 4.36965 -0.723583 3.23088 0.574964 -0.727217 -1.88315 0.19485999999999998 0.0776921 0.267408 
114.646 8000.0 0.016077200000000003 0.0247321 0.0573649 1.22204 1.0 0.049558099999999994 0 0 -10 
0.6548689999999999 -5.22728 -0.048391 -3.02117 -0.0188244 0.7239220000000001 0.42674399999999996 -0.0999997 1.42526 -0.967081 4.34355 -0.733532 3.23775 0.588947 -0.694298 -1.87936 0.199792 0.0734988 0.24211 
113.583 8000.0 0.0154475 0.0242626 0.0565758 1.22204 1.0 0.049605500000000004 0 0 -10 
0.6475479999999999 -5.22403 -0.045553500000000004 -3.00125 -0.0207931 0.7265010000000001 0.42777200000000004 -0.0999997 1.4265700000000001 -0.933025 4.31838 -0.742672 3.24447 0.602137 -0.6631520000000001 -1.8762900000000002 0.204788 0.0691533 0.21864099999999997 
112.55799999999999 8000.0 0.0148756 0.0238362 0.0558591 1.22204 1.0 0.0496485 0 0 -10 
0.640641 -5.22048 -0.0426625 -2.98203 -0.0225375 0.728701 0.428623 -0.0999998 1.42707 -0.9001469999999999 4.29427 -0.751037 3.25097 0.614514 -0.633841 -1.8738599999999999 0.20978000000000002 0.0647346 0.196959 
111.571 8000.0 0.0143578 0.023450099999999998 0.0552102 1.22204 1.0 0.0496874 0 0 -10 
0.634151 -5.21671 -0.03976369999999999 -2.9636299999999998 -0.0240786 0.730564 0.429324 -0.0999998 1.42689 -0.868643 4.27134 -0.758666 3.2572 0.6260720000000001 -0.6064149999999999 -1.87199 0.21470300000000003 0.060310699999999995 0.177006 
110.62299999999999 8000.0 0.013890200000000002 0.023101499999999997 0.054624400000000004 1.22204 1.0 0.0497225 0 0 -10 
0.628051 -5.212680000000001 -0.0368957 -2.94617 -0.0254361 0.732132 0.429932 -0.0999998 1.42604 -0.8386950000000001 4.24965 -0.765622 3.26307 0.6368010000000001 -0.5810390000000001 -1.8707 0.21950300000000003 0.0559394 0.158712 
109.715 8000.0 0.013469299999999998 0.0227877 0.0540969 1.22204 1.0 0.0497542 0 0 -10 
0.6222439999999999 -5.20812 -0.0340907 -2.92984 -0.026628500000000003 0.733441 0.430559 -0.09999989999999999 1.4243299999999999 -0.810499 4.22922 -0.7720020000000001 3.26832 0.646672 -0.558154 -1.87017 0.22411999999999999 0.05166849999999999 0.141997 
108.846 8000.0 0.013091299999999998 0.0225058 0.053623199999999996 1.22204 1.0 0.049782599999999996 0 0 -10 
0.6165689999999999 -5.20252 -0.0313745 -2.9149 -0.027673200000000002 0.734525 0.431384 -0.09999989999999999 1.42133 -0.784281 4.21007 -0.777942 3.2726 0.655634 -0.538492 -1.8707599999999998 0.22849499999999998 0.047536699999999994 0.126775 
108.01700000000001 8000.0 0.0127538 0.0222543 0.053199500000000004 1.22204 0.9999870000000001 0.049808099999999994 0 0 -10 
0.610822 -5.19519 -0.0287673 -2.90165 -0.0285863 0.735416 0.432622 -0.09999989999999999 1.4164700000000001 -0.76027 4.192159999999999 -0.7836029999999999 3.27543 0.663623 -0.522967 -1.8729799999999999 0.232568 0.0435737 0.11295699999999999 
107.227 8000.0 0.0124631 0.0220392 0.0528269 1.22204 0.9998549999999999 0.049831400000000005 0 0 -10 
0.604781 -5.18541 -0.0262844 -2.89038 -0.029382299999999997 0.73614 0.43449899999999997 -0.09999989999999999 1.40913 -0.738682 4.17544 -0.789148 3.2763400000000003 0.6705760000000001 -0.5125350000000001 -1.87735 0.23628600000000002 0.03980209999999999 0.100449 
106.47399999999999 8000.0 0.012242600000000001 0.0218818 0.0525163 1.22204 0.999303 0.0498539 0 0 -10 
0.598244 -5.1725 -0.023936199999999998 -2.8813400000000002 -0.030074700000000003 0.7367229999999999 0.437222 -0.09999989999999999 1.39873 -0.719689 4.15986 -0.794734 3.2749 0.676439 -0.508063 -1.8843599999999998 0.23960399999999998 0.0362372 0.08915880000000001 
105.76 8000.0 0.0121344 0.0218197 0.052288999999999995 1.22204 0.9978309999999999 0.0498778 0 0 -10 
0.5910380000000001 -5.1559099999999995 -0.0217295 -2.87474 -0.030675599999999997 0.737187 0.440959 -0.09999989999999999 1.3848 -0.703408 4.14535 -0.800492 3.2707599999999997 0.681178 -0.510225 -1.8944 0.24248899999999998 0.032889 0.07899529999999999 
105.0988551675902 8000.0 0.012192399999999999 0.021901300000000002 0.0521731 1.22204 0.9948030000000001 0.049906 0 0 -10 
0.58304 -5.135280000000001 -0.0196678 -2.87068 -0.0311962 0.7375510000000001 0.445826 -0.1 1.36704 -0.68989 4.13185 -0.806521 3.26368 0.6847850000000001 -0.519452 -1.90772 0.244921 0.029762 0.0698691 
104.50636948177075 8000.0 0.012473999999999999 0.0221777 0.052198900000000006 1.22204 0.9895510000000001 0.0499412 0 0 -10 
0.57418 -5.1104199999999995 -0.0177515 -2.86921 -0.0316461 0.737831 0.45188199999999995 -0.1 1.3453 -0.6791189999999999 4.11929 -0.8128890000000001 3.25357 0.687276 -0.535902 -1.92445 0.24689499999999998 0.026856900000000003 0.061693899999999996 
103.98238953222979 8000.0 0.013032 0.022696 0.052394 1.22204 0.981457 0.049986199999999995 0 0 -10 
0.564437 -5.08134 -0.0159792 -2.87026 -0.0320342 0.738042 0.459132 -0.1 1.31962 -0.671016 4.1076 -0.819629 3.24044 0.688692 -0.559474 -1.9445599999999998 0.248416 0.024171 0.054387599999999994 
103.52566015283547 8000.0 0.013908799999999999 0.0234943 0.0527807 1.22204 0.970024 0.050043000000000004 0 0 -10 
0.5538420000000001 -5.04824 -0.014347200000000001 -2.87373 -0.032368400000000006 0.738197 0.467529 -0.1 1.2901799999999999 -0.665451 4.0967400000000005 -0.826744 3.2244200000000003 0.6890970000000001 -0.589828 -1.9678799999999999 0.24950300000000003 0.0216986 0.0478721 
103.13382519656733 8000.0 0.0151328 0.024598099999999998 0.053373300000000005 1.22204 0.95491 0.0501132 0 0 -10 
0.54246 -5.01144 -0.012850700000000001 -2.87944 -0.0326557 0.738305 0.476987 -0.1 1.25731 -0.662245 4.08664 -0.83421 3.20574 0.68857 -0.626429 -1.99415 0.250181 0.0194322 0.042074 
102.80542861712294 8000.0 0.0167171 0.026019099999999996 0.054177699999999995 1.22204 0.93595 0.0501977 0 0 -10 
0.530393 -4.97139 -0.011483799999999999 -2.8871700000000002 -0.0329022 0.7383770000000001 0.487385 -0.1 1.2214200000000002 -0.661189 4.0772699999999995 -0.8419840000000001 3.1846900000000002 0.687207 -0.668589 -2.0230200000000003 0.25048400000000004 0.0173626 0.036924599999999995 
102.5389158539157 8000.0 0.0186596 0.0277556 0.05519169999999999 1.22204 0.9131469999999999 0.0502965 0 0 -10 
0.517762 -4.92862 -0.010239700000000001 -2.89665 -0.0331134 0.73842 0.498579 -0.1 1.183 -0.662049 4.068569999999999 -0.850007 3.16162 0.68511 -0.715516 -2.05408 0.250449 0.015479300000000001 0.0323601 
102.33163551625688 8000.0 0.0209442 0.029794 0.0564052 1.22204 0.8866629999999999 0.050408999999999995 0 0 -10 
0.504703 -4.8837 -0.00911115 -2.9076299999999997 -0.033294 0.7384390000000001 0.510411 -0.1 1.14257 -0.664582 4.0605 -0.85821 3.13689 0.682385 -0.766359 -2.0868900000000004 0.25011700000000003 0.0137715 0.028321600000000002 
102.18184136160797 8000.0 0.0235438 0.0321099 0.057802099999999995 1.22204 0.8567870000000001 0.0505344 0 0 -10 
0.491358 -4.83721 -0.00809069 -2.91983 -0.0334482 0.738441 0.5227189999999999 -0.1 1.10069 -0.6685409999999999 4.053030000000001 -0.866519 3.1109 0.679139 -0.820242 -2.12099 0.249531 0.0122275 0.0247548 
102.08869456189456 8000.0 0.026421899999999998 0.034671600000000004 0.059361199999999996 1.22204 0.823909 0.050671 0 0 -10 
0.47786899999999993 -4.78974 -0.00717069 -2.93297 -0.0335797 0.738429 0.5353399999999999 -0.1 1.05787 -0.673682 4.046130000000001 -0.874858 3.0840400000000003 0.6754760000000001 -0.876302 -2.15593 0.24873 0.0108358 0.0216098 
102.04926625099978 8000.0 0.029536200000000002 0.0374415 0.061057900000000005 1.22204 0.7884909999999999 0.0508171 0 0 -10 
0.464372 -4.74185 -0.00634359 -2.94679 -0.0336917 0.738408 0.548118 -0.1 1.01465 -0.679772 4.03975 -0.8831549999999999 3.05666 0.671496 -0.933717 -2.1912700000000003 0.247757 0.00958485 0.0188413 
102.06024034570004 8000.0 0.0328404 0.0403786 0.0628659 1.22204 0.751038 0.050970800000000004 0 0 -10 
0.45099300000000003 -4.6940599999999995 -0.00560197 -2.96104 -0.0337869 0.738379 0.560908 -0.1 0.971483 -0.686596 4.03388 -0.8913409999999999 3.0291099999999997 0.667291 -0.991718 -2.22663 0.246648 0.0084634 0.0164081 
102.12071663147645 8000.0 0.03628680000000001 0.043441 0.06475790000000001 1.22204 0.712071 0.05113 0 0 -10 
0.43784700000000004 -4.64684 -0.00493866 -2.97551 -0.033867699999999994 0.7383460000000001 0.5735779999999999 -0.1 0.928811 -0.693955 4.0284699999999996 -0.8993540000000001 3.0017 0.662944 -1.04961 -2.26163 0.24543800000000002 0.00746051 0.014272700000000001 
102.2278141038302 8000.0 0.0398284 0.046586800000000005 0.066707 1.22204 0.6721090000000001 0.0512928 0 0 -10 
0.425033 -4.60059 -0.0043468000000000005 -2.99001 -0.0339362 0.7383109999999999 0.586013 -0.1 0.8870049999999999 -0.701669 4.02351 -0.9071389999999999 2.9747 0.658529 -1.10679 -2.29595 0.244158 0.00656579 0.0124015 
102.37927455495428 8000.0 0.0434198 0.04977619999999999 0.0686875 1.22204 0.631646 0.0514572 0 0 -10 
0.412637 -4.555680000000001 -0.00381988 -3.00434 -0.033994199999999995 0.738274 0.598115 -0.1 0.8463870000000001 -0.709581 4.01896 -0.914651 2.94835 0.654111 -1.16272 -2.32934 0.242837 0.00576935 0.010764 
102.57266639486936 8000.0 0.0470192 0.0529721 0.0706755 1.22204 0.591144 0.0516215 0 0 -10 
0.40072800000000003 -4.51238 -0.00335177 -3.01838 -0.034043199999999996 0.738236 0.609799 -0.1 0.807221 -0.7175560000000001 4.0148 -0.921852 2.9228400000000003 0.649745 -1.21697 -2.36156 0.241498 0.0050619 0.00933293 
102.80538869541873 8000.0 0.05058869999999999 0.0561409 0.07264960000000001 1.22204 0.5510189999999999 0.05178390000000001 0 0 -10 
0.38936 -4.47092 -0.00293676 -3.032 -0.0340846 0.7382 0.621002 -0.1 0.769718 -0.725479 4.01101 -0.9287129999999999 2.89832 0.6454770000000001 -1.2691700000000001 -2.39244 0.240162 0.00443478 0.00808395 
103.07507544484106 8000.0 0.05409490000000001 0.059253 0.0745908 1.22204 0.51164 0.051943100000000006 0 0 -10 
0.37857399999999997 -4.43149 -0.00256954 -3.0451099999999998 -0.0341196 0.738164 0.631671 -0.1 0.734039 -0.7332529999999999 4.00755 -0.935212 2.87493 0.6413449999999999 -1.31905 -2.42183 0.23884699999999998 0.00387994 0.00699524 
103.3792 8000.0 0.057509199999999996 0.0622832 0.0764827 1.22204 0.47331899999999993 0.05209780000000001 0 0 -10 
0.368397 -4.3942 -0.00224522 -3.05763 -0.034149 0.7381300000000001 0.641772 -0.1 0.700295 -0.740801 4.00441 -0.9413360000000001 2.85275 0.637378 -1.36639 -2.44965 0.23756599999999997 0.00338995 0.00604737 
103.71517972274913 8000.0 0.060807900000000005 0.0652106 0.07831189999999999 1.22204 0.43631800000000004 0.0522471 0 0 -10 
0.35884499999999997 -4.35914 -0.00195928 -3.0695 -0.034173800000000004 0.7380979999999999 0.65128 -0.1 0.668559 -0.748063 4.00156 -0.9470770000000001 2.83184 0.633598 -1.41108 -2.47582 0.23633 0.00295803 0.00522312 
104.08058078635204 8000.0 0.0639719 0.0680181 0.0800675 1.22204 0.400846 0.05239 0 0 -10 
0.34992199999999996 -4.32634 -0.00170821 -3.08071 -0.0341951 0.738071 0.660185 -0.1 0.638861 -0.755008 3.9989800000000004 -0.95244 2.81224 0.630003 -1.4530100000000001 -2.50033 0.235146 0.00258064 0.00450912 
104.47282313736042 8000.0 0.0669865 0.07069299999999999 0.08174119999999999 1.22204 0.367062 0.0525261 0 0 -10 
0.341611 -4.2959 -0.00149322 -3.09134 -0.0342176 0.738079 0.6684939999999999 -0.1 0.611183 -0.761731 3.9967 -0.9574889999999999 2.79394 0.626458 -1.49221 -2.52317 0.23399999999999999 0.00227521 0.00390857 
104.88938559788119 8000.0 0.0698413 0.0732259 0.0833268 1.22204 0.335081 0.0526548 0 0 -10 
0.333859 -4.268 -0.00132529 -3.1017099999999997 -0.0342536 0.738202 0.67624 -0.1 0.585438 -0.7685810000000001 3.9947699999999995 -0.9624010000000001 2.77693 0.6225470000000001 -1.5287899999999999 -2.5444299999999997 0.232844 0.00210325 0.00345777 
105.32761109273713 8000.0 0.0725294 0.0756108 0.08482050000000001 1.22204 0.304977 0.0527759 0 0 -10 
0.32658200000000004 -4.24299 -0.00122592 -3.11239 -0.034323599999999996 0.73858 0.6834819999999999 -0.1 0.561477 -0.7761779999999999 3.99336 -0.9674809999999999 2.76116 0.617555 -1.56302 -2.56423 0.231587 0.00217416 0.00322874 
105.78501198564649 8000.0 0.07504730000000001 0.0778446 0.08622 1.22204 0.276787 0.0528893 0 0 -10 
0.319669 -4.22131 -0.00122376 -3.1240900000000003 -0.0344538 0.739394 0.690299 -0.1 0.539101 -0.785328 3.99266 -0.973116 2.74654 0.610558 -1.59521 -2.58272 0.230111 0.00262951 0.00331775 
106.25917550821568 8000.0 0.07739410000000001 0.0799265 0.08752489999999999 1.22204 0.250519 0.052994900000000005 0 0 -10 
0.31300100000000003 -4.2034 -0.00134979 -3.1375900000000003 -0.0346717 0.7408319999999999 0.696775 -0.1 0.518091 -0.796895 3.9928800000000004 -0.979719 2.7330099999999997 0.6005739999999999 -1.62574 -2.6000900000000002 0.22829000000000002 0.00362085 0.00382911 
106.74756926525711 8000.0 0.0795716 0.0818582 0.08873589999999999 1.22204 0.22615100000000002 0.0530928 0 0 -10 
0.306462 -4.18966 -0.00163285 -3.15362 -0.0350031 0.7430720000000001 0.702996 -0.1 0.49822700000000003 -0.8116869999999999 3.9942 -0.987677 2.72047 0.586687 -1.6549900000000002 -2.61652 0.226007 0.00528891 0.00486 
107.24764679971341 8000.0 0.0815832 0.08364260000000001 0.08985499999999999 1.22204 0.203644 0.0531832 0 0 -10 
0.299951 -4.18039 -0.00209624 -3.17278 -0.035468900000000005 0.746258 0.709037 -0.1 0.47930600000000007 -0.830368 3.9968 -0.997309 2.7088400000000004 0.568149 -1.68327 -2.63217 0.223163 0.00774812 0.00648919 
107.7569532002866 8000.0 0.0834342 0.0852846 0.09088489999999999 1.22204 0.182937 0.0532663 0 0 -10 
0.293389 -4.17575 -0.0027557 -3.1955 -0.0360836 0.75049 0.714961 -0.1 0.461154 -0.853403 4.000769999999999 -1.00884 2.6980299999999997 0.544437 -1.7108700000000001 -2.64719 0.21969 0.011076899999999999 0.00876994 
108.27313073474289 8000.0 0.085131 0.0867897 0.09182919999999999 1.22204 0.163958 0.053342499999999994 0 0 -10 
0.286718 -4.17579 -0.00361843 -3.22201 -0.0368545 0.755817 0.720816 -0.1 0.44363100000000005 -0.8810379999999999 4.0061599999999995 -1.0224 2.68797 0.515285 -1.7380000000000002 -2.6617 0.21555300000000002 0.0153138 0.011727 
108.79382449178433 8000.0 0.086681 0.08816449999999999 0.092692 1.22204 0.146624 0.0534121 0 0 -10 
0.279907 -4.18038 -0.00468327 -3.25235 -0.037781999999999996 0.7622399999999999 0.726631 -0.1 0.426634 -0.9132969999999999 4.01296 -1.03801 2.6785799999999997 0.480675 -1.7648 -2.67578 0.21074600000000002 0.0204576 0.015356999999999999 
109.3164880143535 8000.0 0.08809199999999999 0.08941610000000001 0.09347749999999999 1.22204 0.13084500000000002 0.0534754 0 0 -10 
0.272947 -4.18929 -0.0059413999999999995 -3.2863900000000004 -0.038860000000000006 0.769717 0.7324229999999999 -0.1 0.41009300000000004 -0.9500069999999999 4.02111 -1.05559 2.66982 0.440816 -1.79135 -2.68949 0.205296 0.026471299999999996 0.0196308 
109.83908890726288 8000.0 0.08937260000000001 0.09055189999999999 0.0941905 1.22204 0.11652699999999999 0.05353290000000001 0 0 -10 
0.265847 -4.20218 -0.00737757 -3.32385 -0.040077 0.778166 0.738196 -0.1 0.393968 -0.990823 4.0305 -1.075 2.6616400000000002 0.396113 -1.81768 -2.70285 0.199251 0.0332876 0.0244976 
110.3591144021188 8000.0 0.0905313 0.09157960000000001 0.0948357 1.22204 0.103573 0.05358480000000001 0 0 -10 
0.25863200000000003 -4.21865 -0.00897153 -3.3643199999999998 -0.0414173 0.7874770000000001 0.7439399999999999 -0.1 0.378245 -1.0352700000000001 4.04099 -1.09602 2.65398 0.347117 -1.8437599999999998 -2.7158900000000004 0.192682 0.0408156 0.0298899 
110.87457686263956 8000.0 0.0915767 0.0925068 0.0954179 1.22204 0.091887 0.0536317 0 0 -10 
0.251339 -4.23822 -0.0106995 -3.40732 -0.042862300000000006 0.797521 0.749641 -0.1 0.36293000000000003 -1.0827799999999999 4.05243 -1.11839 2.64682 0.294488 -1.86953 -2.72859 0.185671 0.048947500000000005 0.0357282 
111.38311921364796 8000.0 0.0925173 0.09334119999999999 0.0959418 1.22204 0.0813721 0.053673900000000004 0 0 -10 
0.24401399999999998 -4.2604 -0.012535600000000001 -3.45232 -0.0443913 0.8081520000000001 0.7552760000000001 -0.1 0.348042 -1.1327200000000002 4.06462 -1.14184 2.64012 0.238952 -1.8949099999999999 -2.74094 0.178309 0.05756569999999999 0.041926099999999994 
111.88292027725086 8000.0 0.09336160000000002 0.09409 0.09641210000000001 1.22204 0.07193530000000001 0.053711699999999994 0 0 -10 
0.236704 -4.284680000000001 -0.014453200000000001 -3.49875 -0.0459832 0.819224 0.760821 -0.1 0.333611 -1.18445 4.07739 -1.1660700000000002 2.63386 0.18126 -1.9198 -2.75291 0.170692 0.0665482 0.0483943 
112.3717 8000.0 0.09411760000000001 0.0947605 0.0968332 1.22204 0.0634866 0.053745600000000004 0 0 -10 
0.22946100000000003 -4.31055 -0.0164257 -3.5460599999999998 -0.0476168 0.8305879999999999 0.76625 -0.1 0.31966999999999995 -1.2373100000000001 4.09056 -1.19078 2.6280200000000002 0.12216099999999999 -1.94409 -2.76448 0.162913 0.07577389999999999 0.055044 
112.84762455515894 8000.0 0.0947929 0.0953594 0.09720939999999999 1.22204 0.0559399 0.0537759 0 0 -10 
0.22233200000000003 -4.33755 -0.018427799999999998 -3.5937099999999997 -0.0492717 0.842103 0.7715380000000001 -0.1 0.306253 -1.29069 4.10395 -1.21569 2.62258 0.06237380000000001 -1.9676799999999999 -2.77561 0.155063 0.0851268 0.0617904 
113.30891130458127 8000.0 0.0953948 0.0958932 0.0975447 1.22204 0.0492138 0.053802800000000005 0 0 -10 
0.215364 -4.36523 -0.0204359 -3.64121 -0.050929199999999994 0.8536370000000001 0.776659 -0.1 0.29339299999999996 -1.344 4.1174 -1.24054 2.6175200000000003 0.00256693 -1.99048 -2.78629 0.147228 0.09449869999999999 0.06855449999999999 
113.75353360513066 8000.0 0.0959301 0.096368 0.097843 1.22204 0.0432317 0.0538268 0 0 -10 
0.208598 -4.39318 -0.0224287 -3.68811 -0.052572 0.8650690000000001 0.781592 -0.1 0.281119 -1.3967100000000001 4.1307599999999995 -1.26509 2.6128099999999996 -0.056653300000000004 -2.0124 -2.79648 0.139483 0.10379200000000001 0.07526489999999998 
114.17992544504573 8000.0 0.0964043 0.0967886 0.0981073 1.22204 0.0379327 0.053848 0 0 -10 
0.202068 -4.421069999999999 -0.0243872 -3.734 -0.054185000000000004 0.876295 0.78632 -0.1 0.269453 -1.4483700000000002 4.14391 -1.28912 2.60845 -0.114753 -2.03336 -2.8061599999999998 0.131896 0.11292 0.0818585 
114.5864858961698 8000.0 0.096815 0.0971528 0.09833610000000001 1.22204 0.0333437 0.0538664 0 0 -10 
0.195806 -4.44856 -0.0262954 -3.7785599999999997 -0.055755200000000005 0.887225 0.7908270000000001 -0.1 0.258414 -1.4985700000000002 4.1567300000000005 -1.31246 2.60442 -0.171275 -2.0533200000000003 -2.8153200000000003 0.124524 0.121808 0.0882814 
114.97148336852355 8000.0 0.0971429 0.0974436 0.0985188 1.22204 0.029679700000000003 0.0538811 0 0 -10 
0.189834 -4.4754 -0.0281399 -3.8214900000000003 -0.057272 0.897783 0.7951010000000001 -0.1 0.24801199999999998 -1.547 4.1691400000000005 -1.3349600000000001 2.6007 -0.22583899999999998 -2.0722099999999997 -2.82396 0.117414 0.130396 0.0944886 
115.33355965429998 8000.0 0.0973498 0.09762710000000001 0.098634 1.22204 0.0273666 0.0538904 0 0 -10 
0.184171 -4.50139 -0.0299098 -3.8625800000000003 -0.0587266 0.907909 0.799136 -0.1 0.23825 -1.5933899999999999 4.18104 -1.35651 2.59728 -0.27814099999999997 -2.09003 -2.83207 0.110606 0.13863399999999998 0.100444 
115.67143374900023 8000.0 0.0973846 0.09765789999999999 0.0986532 1.22204 0.026976099999999996 0.053891999999999995 0 0 -10 
0.17882699999999999 -4.52634 -0.0315968 -3.9016599999999997 -0.0601125 0.9175559999999999 0.8029270000000001 -0.1 0.229127 -1.63754 4.1924 -1.3769999999999998 2.5941400000000003 -0.327948 -2.1067400000000003 -2.83964 0.104128 0.146483 0.10612 
115.98360543810543 8000.0 0.0971913 0.0974866 0.0985452 1.22204 0.0291301 0.053883400000000005 0 0 -10 
0.17381 -4.55013 -0.033195 -3.9386099999999997 -0.0614248 0.9266909999999999 0.806473 -0.1 0.22063200000000002 -1.6793099999999999 4.20317 -1.39638 2.5912599999999997 -0.375092 -2.12236 -2.8467 0.0980007 0.153917 0.111496 
116.26905863839201 8000.0 0.0967179 0.0970669 0.09828089999999999 1.22204 0.0344111 0.0538623 0 0 -10 
0.169122 -4.57266 -0.0347003 -3.97335 -0.0626604 0.935293 0.809775 -0.1 0.212754 -1.7186 4.21331 -1.4146100000000001 2.5886299999999998 -0.419468 -2.1369 -2.85324 0.0922365 0.160918 0.116559 
116.5265644837431 8000.0 0.09592189999999999 0.0963611 0.09783660000000001 1.22204 0.0432929 0.0538268 0 0 -10 
0.16476 -4.59387 -0.036110699999999996 -4.00585 -0.0638178 0.943351 0.812839 -0.1 0.205473 -1.7553900000000002 4.22282 -1.43166 2.58623 -0.461021 -2.15037 -2.85929 0.086842 0.16747599999999999 0.121303 
116.75538414608431 8000.0 0.0947744 0.0953436 0.09719610000000001 1.22204 0.056098300000000004 0.0537755 0 0 -10 
0.160718 -4.61373 -0.03742569999999999 -4.0361199999999995 -0.06489650000000001 0.9508610000000001 0.81567 -0.1 0.198769 -1.78965 4.23168 -1.44754 2.58405 -0.499741 -2.16281 -2.86485 0.08181770000000001 0.17358900000000002 0.125725 
116.95437138287704 8000.0 0.0932617 0.0940022 0.09635189999999999 1.22204 0.0729803 0.053708000000000006 0 0 -10 
0.15698800000000002 -4.63223 -0.038646 -4.06417 -0.0658975 0.95783 0.818276 -0.1 0.192615 -1.82142 4.23991 -1.4622700000000002 2.58207 -0.535659 -2.17425 -2.86997 0.077159 0.179261 0.129829 
117.12297480343268 8000.0 0.09138510000000001 0.0923382 0.0953046 1.22204 0.0939233 0.05362430000000001 0 0 -10 
0.153558 -4.64939 -0.039773800000000005 -4.09006 -0.0668222 0.964268 0.820667 -0.1 0.18698499999999998 -1.85076 4.24752 -1.47586 2.58028 -0.568836 -2.18474 -2.8746400000000003 0.07285739999999999 0.184502 0.133622 
117.26033984716453 8000.0 0.08915980000000001 0.0903651 0.0940628 1.22204 0.11875699999999999 0.0535249 0 0 -10 
0.15041600000000002 -4.66523 -0.0408117 -4.1138699999999995 -0.06767310000000001 0.970192 0.8228540000000001 -0.1 0.181851 -1.8777400000000002 4.254519999999999 -1.4883600000000001 2.5786700000000002 -0.599359 -2.19433 -2.87891 0.0689013 0.189325 0.13711199999999998 
117.36581046777022 8000.0 0.08661289999999999 0.08810660000000001 0.0926414 1.22204 0.14718299999999998 0.0534112 0 0 -10 
0.147546 -4.679790000000001 -0.0417633 -4.13569 -0.06845319999999999 0.9756229999999999 0.8248469999999999 -0.1 0.177182 -1.90247 4.26095 -1.4998200000000002 2.57721 -0.627336 -2.20307 -2.88278 0.0652764 0.193747 0.140311 
117.43833051822924 8000.0 0.08378010000000001 0.0855948 0.0910606 1.22204 0.178798 0.05328480000000001 0 0 -10 
0.14493399999999998 -4.69313 -0.0426327 -4.1556 -0.0691658 0.980585 0.826658 -0.1 0.172948 -1.92505 4.26682 -1.5102799999999998 2.5759 -0.652888 -2.211 -2.8863 0.0619666 0.197786 0.143234 
117.4761448324098 8000.0 0.0807039 0.0828671 0.08934389999999999 1.22204 0.21312899999999999 0.0531475 0 0 -10 
0.14256300000000002 -4.7053 -0.0434244 -4.173719999999999 -0.0698145 0.985102 0.828299 -0.1 0.16911900000000002 -1.9456 4.2721599999999995 -1.51979 2.5747299999999997 -0.676149 -2.2181900000000003 -2.88948 0.0589543 0.201464 0.145896 
117.4766 8000.0 0.0774307 0.0799647 0.0875173 1.22204 0.24966 0.0530013 0 0 -10 
0.14041800000000002 -4.71636 -0.044142900000000006 -4.19015 -0.0704033 0.989201 0.829782 -0.1 0.165665 -1.9642400000000002 4.277019999999999 -1.5284200000000001 2.57368 -0.697257 -2.2246799999999998 -2.89235 0.056221600000000004 0.204802 0.148312 
112.72080484607496 8000.0 0.07400830000000001 0.07693 0.0856075 1.22204 0.287856 0.052848599999999996 0 0 -10 
0.138482 -4.7264 -0.0447932 -4.205019999999999 -0.07093610000000002 0.9929110000000001 0.831118 -0.1 0.16255799999999998 -1.98111 4.28141 -1.53623 2.57274 -0.716354 -2.23053 -2.89493 0.0537496 0.207823 0.150498 
108.96326151115551 8000.0 0.07048439999999999 0.0738053 0.083641 1.22204 0.327185 0.052691199999999994 0 0 -10 
0.13674 -4.735469999999999 -0.045380000000000004 -4.21842 -0.0714168 0.996258 0.8323200000000001 -0.1 0.159769 -1.99632 4.2853699999999995 -1.54328 2.5719 -0.733584 -2.23578 -2.89725 0.0515198 0.210548 0.152471 
105.98450754729244 8000.0 0.06690449999999999 0.0706309 0.0816432 1.22204 0.367139 0.0525314 0 0 -10 
0.135176 -4.74365 -0.04590809999999999 -4.23048 -0.0718494 0.9992700000000001 0.8333969999999999 -0.1 0.157271 -2.01001 4.28894 -1.54961 2.57116 -0.749087 -2.2404900000000003 -2.89932 0.0495139 0.21300100000000002 0.154246 
103.61092654224423 8000.0 0.0633112 0.0674447 0.0796381 1.22204 0.407242 0.052371 0 0 -10 
0.133775 -4.751 -0.04638219999999999 -4.2413099999999995 -0.0722377 1.00197 0.834362 -0.1 0.155039 -2.0223 4.29214 -1.5553 2.57049 -0.763001 -2.24471 -2.90118 0.0477138 0.215202 0.15584 
101.70507486984584 8000.0 0.05974310000000001 0.0642808 0.07764689999999999 1.22204 0.447065 0.05221169999999999 0 0 -10 
0.132522 -4.75759 -0.04680669999999999 -4.25099 -0.0725854 1.00439 0.8352219999999999 -0.1 0.153049 -2.03329 4.2950099999999996 -1.56039 2.5699099999999997 -0.775459 -2.24847 -2.90283 0.0461025 0.21717399999999998 0.15726700000000002 
100.15799185733773 8000.0 0.0562342 0.061169299999999996 0.0756888 1.22204 0.486227 0.05205509999999999 0 0 -10 
0.131406 -4.76348 -0.0471859 -4.25964 -0.072896 1.0065600000000001 0.835989 -0.1 0.151278 -2.04311 4.2975699999999994 -1.56493 2.5693900000000003 -0.786587 -2.25182 -2.9043 0.0446633 0.218935 0.15854100000000002 
98.88354923629173 8000.0 0.052813599999999995 0.05813630000000001 0.07378 1.22204 0.524403 0.0519024 0 0 -10 
0.130412 -4.76874 -0.047524000000000004 -4.26735 -0.0731729 1.0084899999999999 0.8366709999999999 -0.1 0.149705 -2.05187 4.29986 -1.5689799999999998 2.56893 -0.796506 -2.2548 -2.90561 0.043380699999999994 0.220505 0.159678 
97.81379042210321 8000.0 0.04950569999999999 0.0552031 0.0719341 1.22204 0.5613199999999999 0.0517547 0 0 -10 
0.12953 -4.77343 -0.0478247 -4.2742 -0.0734192 1.0102 0.837277 -0.1 0.14831 -2.05965 4.30189 -1.5725799999999999 2.56852 -0.8053279999999999 -2.2574400000000003 -2.90677 0.04224 0.22190100000000001 0.160689 
96.895184662255 8000.0 0.046330300000000005 0.0523874 0.070162 1.22204 0.596761 0.051613 0 0 -10 
0.128747 -4.77759 -0.048091699999999994 -4.28029 -0.0736378 1.0117200000000002 0.8378129999999999 -0.1 0.147076 -2.06656 4.3037 -1.57578 2.5681599999999998 -0.813159 -2.25978 -2.9077900000000003 0.0412277 0.22314099999999998 0.16158599999999998 
96.08567970823844 8000.0 0.0433024 0.0497025 0.06847230000000001 1.22204 0.630554 0.051477800000000004 0 0 -10 
0.128055 -4.781280000000001 -0.048328199999999995 -4.28568 -0.07383150000000001 1.0130700000000001 0.8382870000000001 -0.1 0.14598599999999998 -2.07268 4.30529 -1.57861 2.56785 -0.8200959999999999 -2.26185 -2.9087 0.04033080000000001 0.224239 0.162381 
95.35258278548567 8000.0 0.040433 0.047158099999999994 0.0668711 1.22204 0.662579 0.0513497 0 0 -10 
0.127444 -4.78455 -0.0485374 -4.29044 -0.07400280000000001 1.01426 0.8387049999999999 -0.1 0.14502400000000001 -2.0781 4.30671 -1.58112 2.56757 -0.826232 -2.26368 -2.9095 0.0395379 0.22521 0.16308399999999998 
94.6707359235974 8000.0 0.0377293 0.0447608 0.0653624 1.22204 0.692753 0.051229 0 0 -10 
0.126905 -4.78744 -0.0487221 -4.29464 -0.074154 1.01532 0.839074 -0.1 0.144177 -2.08287 4.30796 -1.58333 2.56733 -0.8316469999999999 -2.2652900000000002 -2.9102 0.0388379 0.226068 0.163705 
94.02088026138382 8000.0 0.0351954 0.0425139 0.0639484 1.22204 0.721033 0.0511159 0 0 -10 
0.126431 -4.78999 -0.0488849 -4.29835 -0.0742872 1.01624 0.839398 -0.1 0.143433 -2.08708 4.30906 -1.5852700000000002 2.56711 -0.83642 -2.2667 -2.91082 0.0382211 0.22682399999999997 0.164252 
93.38842640683518 8000.0 0.032832400000000005 0.0404185 0.0626297 1.22204 0.7474069999999999 0.051010400000000004 0 0 -10 
0.12601400000000001 -4.79223 -0.0490282 -4.30161 -0.0744045 1.01706 0.839683 -0.1 0.14278 -2.09079 4.31003 -1.58699 2.5669299999999997 -0.84062 -2.26795 -2.9113599999999997 0.037678500000000004 0.227489 0.164734 
92.76296560862227 8000.0 0.0306387 0.038473400000000005 0.061405499999999995 1.22204 0.77189 0.050912400000000003 0 0 -10 
0.125647 -4.7942 -0.049154 -4.304469999999999 -0.0745075 1.01778 0.839933 -0.1 0.142207 -2.09404 4.31088 -1.58849 2.56676 -0.844309 -2.26904 -2.91184 0.0372019 0.228073 0.165157 
92.13687040401881 8000.0 0.028611200000000003 0.0366755 0.0602741 1.22204 0.794519 0.050821899999999996 0 0 -10 
0.125327 -4.79593 -0.0492644 -4.30698 -0.0745979 1.01841 0.840152 -0.1 0.141705 -2.0969 4.31162 -1.58981 2.56662 -0.8475440000000001 -2.26999 -2.91225 0.036783800000000005 0.22858499999999998 0.165528 
91.50514435152297 8000.0 0.0267447 0.035020499999999996 0.05923250000000001 1.22204 0.81535 0.050738599999999995 0 0 -10 
0.125046 -4.79745 -0.0493611 -4.3091800000000005 -0.074677 1.01896 0.8403430000000001 -0.1 0.141267 -2.09939 4.31228 -1.59097 2.5665 -0.8503790000000001 -2.27083 -2.91262 0.0364177 0.22903400000000002 0.165853 
90.86468906697874 8000.0 0.025033 0.033502699999999996 0.058277300000000004 1.22204 0.8344540000000001 0.0506622 0 0 -10 
0.124801 -4.798769999999999 -0.0494456 -4.31111 -0.0747463 1.01944 0.840511 -0.1 0.14088399999999998 -2.10158 4.31285 -1.59198 2.56639 -0.852857 -2.27155 -2.9129400000000003 0.0360974 0.229427 0.16613699999999998 
90.21396355697044 7999.81 0.023468799999999998 0.0321157 0.0574045 1.22204 0.8519110000000001 0.0505924 0 0 -10 
0.12458699999999999 -4.799930000000001 -0.0495195 -4.312790000000001 -0.07480679999999999 1.01986 0.840657 -0.1 0.14055 -2.1034900000000003 4.31335 -1.59286 2.5663 -0.855023 -2.27219 -2.91321 0.035817699999999994 0.22976999999999997 0.16638499999999998 
89.55231617397652 7998.41 0.0220443 0.0308526 0.0566096 1.22204 0.867809 0.0505288 0 0 -10 
0.1244 -4.80095 -0.049583999999999996 -4.31425 -0.07485950000000001 1.02023 0.840784 -0.1 0.14026 -2.1051599999999997 4.31379 -1.5936299999999999 2.56622 -0.8569120000000001 -2.27275 -2.91345 0.0355738 0.230069 0.166602 
88.88047371210597 7993.19 0.020751099999999998 0.029705900000000004 0.055887900000000004 1.22204 0.882242 0.050470999999999995 0 0 -10 
0.12423699999999999 -4.801830000000001 -0.0496401 -4.31553 -0.0749055 1.02055 0.8408950000000001 -0.1 0.140007 -2.10661 4.31417 -1.5943 2.5661400000000003 -0.858558 -2.27323 -2.91367 0.035361199999999995 0.23033 0.166791 
88.19937546244782 7979.96 0.019580599999999997 0.028668 0.0552347 1.22204 0.8953059999999999 0.05041880000000001 0 0 -10 
0.124096 -4.8026 -0.049689 -4.3166400000000005 -0.0749455 1.02083 0.8409909999999999 -0.1 0.139787 -2.10787 4.3145 -1.59489 2.56608 -0.8599899999999999 -2.27365 -2.91385 0.0351762 0.230557 0.166955 
87.51064264374716 7953.57 0.0185243 0.0277313 0.0546452 1.22204 0.9070950000000001 0.0503716 0 0 -10 
0.123973 -4.8032699999999995 -0.0497315 -4.3176 -0.0749803 1.0210700000000001 0.841075 -0.1 0.139596 -2.1089700000000002 4.314780000000001 -1.5953899999999999 2.56603 -0.8612350000000001 -2.2740099999999996 -2.9140099999999998 0.0350155 0.230754 0.167098 
86.81617566725673 7908.7 0.0175734 0.026888099999999998 0.0541146 1.22204 0.9177069999999999 0.0503292 0 0 -10 
0.123867 -4.80385 -0.049768400000000004 -4.31844 -0.07501050000000001 1.02128 0.841147 -0.1 0.139431 -2.1099200000000002 4.31503 -1.59584 2.5659799999999997 -0.8623149999999999 -2.27433 -2.91414 0.0348759 0.230925 0.167222 
86.11797330220057 7840.52 0.016719799999999996 0.0261312 0.05363830000000001 1.22204 0.927235 0.0502911 0 0 -10 
0.123774 -4.80435 -0.0498004 -4.31917 -0.07503660000000001 1.02146 0.84121 -0.1 0.13928800000000002 -2.11075 4.31525 -1.59622 2.5659400000000003 -0.863253 -2.2746 -2.91426 0.0347548 0.231073 0.167329 
85.41836907317709 7745.19 0.0159553 0.025453299999999998 0.0532116 1.22204 0.935767 0.0502569 0 0 -10 
0.12369400000000001 -4.804790000000001 -0.0498281 -4.3198 -0.07505930000000001 1.02162 0.8412639999999999 -0.1 0.139164 -2.1114599999999997 4.31544 -1.59655 2.5659099999999997 -0.864065 -2.27484 -2.91437 0.03465 0.231202 0.16742200000000002 
84.71928121607478 7620.17 0.015272200000000001 0.0248476 0.052830499999999996 1.22204 0.943391 0.050226400000000004 0 0 -10 
0.123625 -4.8051699999999995 -0.049852099999999996 -4.32034 -0.07507899999999999 1.02176 0.841311 -0.1 0.13905599999999999 -2.1120799999999997 4.3156 -1.59683 2.56588 -0.864768 -2.27504 -2.91445 0.0345592 0.231314 0.16750299999999999 
84.02307330215835 7464.32 0.014663200000000001 0.0243076 0.0524906 1.22204 0.9501879999999999 0.0501992 0 0 -10 
0.12356500000000001 -4.80549 -0.0498728 -4.32081 -0.0750959 1.02188 0.841352 -0.1 0.138964 -2.11262 4.31574 -1.5970799999999998 2.56585 -0.865376 -2.27522 -2.91453 0.034480699999999996 0.23141 0.167573 
83.3315232561336 7277.86 0.0141214 0.023827200000000003 0.05218830000000001 1.22204 0.9562350000000001 0.0501751 0 0 -10 
0.12351400000000001 -4.80577 -0.0498908 -4.321219999999999 -0.07511060000000001 1.0219799999999999 0.8413870000000001 -0.1 0.13888399999999998 -2.11308 4.31586 -1.5973 2.56583 -0.865901 -2.27537 -2.9146 0.034413 0.23149299999999998 0.167633 
82.64669897880013 7062.2 0.0136404 0.023400599999999997 0.051919799999999995 1.22204 0.9616030000000001 0.0501536 0 0 -10 
0.12346900000000001 -4.806019999999999 -0.0499062 -4.3215699999999995 -0.0751233 1.02207 0.841417 -0.1 0.13881500000000002 -2.11348 4.31597 -1.59748 2.56581 -0.8663540000000001 -2.2755 -2.91466 0.0343545 0.23156500000000002 0.167685 
81.97023916635656 6819.79 0.0132141 0.0230227 0.051682000000000006 1.22204 0.96636 0.0501346 0 0 -10 
0.123431 -4.80623 -0.049919599999999995 -4.32187 -0.0751342 1.02214 0.841443 -0.1 0.138756 -2.11382 4.31606 -1.59764 2.5658 -0.8667440000000001 -2.27562 -2.9147 0.034304 0.231627 0.16773 
81.2934 6553.83 0.0128371 0.0226884 0.0514716 1.22204 0.970568 0.050117699999999994 0 0 -10 
0.12339800000000001 -4.80641 -0.0499311 -4.32214 -0.0751436 1.02221 0.8414659999999999 -0.1 0.138705 -2.11412 4.31613 -1.59778 2.5657799999999997 -0.867081 -2.27572 -2.91475 0.0342606 0.23168000000000002 0.167768 
80.6404 6268.09 0.0125042 0.022393200000000002 0.051285800000000006 1.22204 0.974283 0.0501029 0 0 -10 
0.123369 -4.80657 -0.049940899999999996 -4.32236 -0.07515169999999999 1.02226 0.841485 -0.1 0.13866099999999998 -2.11438 4.3162 -1.5979 2.56577 -0.8673709999999999 -2.2758 -2.91478 0.034223199999999995 0.23172600000000002 0.167802 
79.9996 5966.62 0.012210799999999999 0.022133 0.051122100000000004 1.22204 0.977558 0.050089800000000004 0 0 -10 
0.12334500000000001 -4.8067 -0.0499495 -4.32255 -0.0751586 1.02231 0.8415020000000001 -0.1 0.138623 -2.1146 4.31626 -1.598 2.56576 -0.8676200000000001 -2.2758700000000003 -2.9148099999999997 0.0341911 0.231765 0.16783 
79.372 5653.6 0.0119526 0.0219041 0.050977999999999996 1.22204 0.980439 0.050078199999999996 0 0 -10 
0.123324 -4.80682 -0.0499568 -4.3227199999999995 -0.07516460000000001 1.02235 0.8415159999999999 -0.1 0.13859100000000002 -2.11478 4.31631 -1.59808 2.56575 -0.867834 -2.27593 -2.9148400000000003 0.034163400000000003 0.23179899999999998 0.167855 
78.7586 5333.16 0.0117258 0.021702900000000004 0.0508514 1.22204 0.9829709999999999 0.0500681 0 0 -10 
0.123306 -4.80692 -0.049963 -4.3228599999999995 -0.0751698 1.02239 0.841528 -0.1 0.13856300000000002 -2.11495 4.31635 -1.59816 2.5657400000000004 -0.8680180000000001 -2.27599 -2.91486 0.0341397 0.231828 0.167876 
78.1602 5009.23 0.011526799999999999 0.021526499999999997 0.0507404 1.22204 0.985192 0.0500592 0 0 -10 
0.12329000000000001 -4.8069999999999995 -0.0499684 -4.32298 -0.0751742 1.02242 0.8415389999999999 -0.1 0.13853900000000002 -2.1150900000000004 4.31639 -1.59822 2.5657400000000004 -0.868175 -2.27603 -2.91488 0.034119300000000005 0.23185300000000003 0.16789400000000002 
77.5773 4685.46 0.0113524 0.021371900000000003 0.050643099999999996 1.22204 0.987138 0.0500514 0 0 -10 
0.123277 -4.8070699999999995 -0.049973000000000004 -4.3230900000000005 -0.0751779 1.02245 0.841548 -0.1 0.138519 -2.1152 4.31642 -1.59828 2.56573 -0.868311 -2.2760700000000003 -2.9149 0.0341019 0.231875 0.167909 
77.0105 4365.12 0.011199899999999999 0.0212367 0.050558 1.22204 0.9888399999999999 0.050044599999999995 0 0 -10 
0.12326600000000001 -4.80714 -0.049977 -4.323180000000001 -0.0751812 1.02247 0.8415549999999999 -0.1 0.13850099999999999 -2.11531 4.31644 -1.59833 2.56573 -0.868426 -2.2761099999999996 -2.91492 0.0340869 0.231893 0.167923 
76.4601 4051.1 0.0110667 0.021118500000000002 0.0504837 1.22204 0.9903270000000001 0.05003869999999999 0 0 -10 
0.12325599999999999 -4.80719 -0.0499804 -4.323259999999999 -0.0751839 1.02249 0.841562 -0.1 0.138486 -2.11539 4.31647 -1.59837 2.5657200000000002 -0.868526 -2.2761299999999998 -2.91493 0.034074099999999996 0.231909 0.167934 
75.9262 3745.85 0.0109505 0.0210155 0.05041880000000001 1.22204 0.991624 0.050033499999999995 0 0 -10 
0.123248 -4.80724 -0.0499833 -4.32332 -0.07518630000000001 1.0225 0.841568 -0.1 0.138474 -2.11547 4.31649 -1.5984 2.5657200000000002 -0.86861 -2.27616 -2.91494 0.034063199999999995 0.231922 0.167944 
75.40899999999999 3451.41 0.0108492 0.020925700000000002 0.050362300000000006 1.22204 0.9927540000000001 0.050029000000000004 0 0 -10 
0.123241 -4.80727 -0.049985800000000004 -4.32338 -0.0751883 1.02252 0.841572 -0.1 0.138463 -2.11553 4.3165 -1.59843 2.5657200000000002 -0.868683 -2.27618 -2.91495 0.0340538 0.231934 0.167952 
74.9083 3169.39 0.010761100000000001 0.020847499999999998 0.0503131 1.22204 0.9937379999999999 0.050025 0 0 -10 
0.123235 -4.80731 -0.0499879 -4.32343 -0.07519010000000001 1.02253 0.841577 -0.1 0.138453 -2.11559 4.31652 -1.59846 2.5657099999999997 -0.8687450000000001 -2.2762 -2.9149599999999998 0.0340458 0.231944 0.167959 
74.4242 2901.02 0.0106844 0.0207796 0.050270300000000004 1.22204 0.9945930000000001 0.0500216 0 0 -10 
0.12322999999999999 -4.80734 -0.0499897 -4.3234699999999995 -0.07519160000000001 1.02254 0.8415799999999999 -0.1 0.138445 -2.11563 4.31653 -1.59848 2.5657099999999997 -0.868798 -2.27621 -2.9149599999999998 0.034039 0.231952 0.167965 
73.9563 2647.18 0.0106179 0.0207206 0.0502332 1.22204 0.9953360000000001 0.05001869999999999 0 0 -10 
0.123225 -4.80736 -0.0499912 -4.3235 -0.0751928 1.02255 0.841583 -0.1 0.138438 -2.11567 4.31654 -1.5985 2.5657099999999997 -0.868843 -2.27623 -2.9149700000000003 0.0340331 0.23195900000000003 0.167971 
73.5046 2408.4 0.0105602 0.0206694 0.050200999999999996 1.22204 0.99598 0.0500161 0 0 -10 
0.123221 -4.80738 -0.0499925 -4.32353 -0.0751939 1.0225600000000001 0.8415860000000001 -0.1 0.138433 -2.11571 4.31655 -1.59851 2.5657099999999997 -0.8688819999999999 -2.27624 -2.9149700000000003 0.0340282 0.231965 0.167975 
73.0685 2184.96 0.0105102 0.020625 0.0501731 1.22204 0.9965379999999999 0.050013800000000004 0 0 -10 
0.12321800000000001 -4.8074 -0.049993699999999995 -4.32356 -0.07519479999999999 1.0225600000000001 0.8415879999999999 -0.1 0.138428 -2.11574 4.31656 -1.5985200000000002 2.5657099999999997 -0.868915 -2.27625 -2.91498 0.0340239 0.231971 0.167979 
72.6479 1976.87 0.0104669 0.020586700000000003 0.0501489 1.22204 0.9970209999999999 0.050011900000000005 0 0 -10 
0.123215 -4.80741 -0.0499946 -4.323580000000001 -0.0751956 1.02257 0.84159 -0.1 0.138424 -2.11576 4.31656 -1.59854 2.5657099999999997 -0.868943 -2.27625 -2.91498 0.0340203 0.231975 0.167982 
72.2423 1783.97 0.0104295 0.0205535 0.050128 1.22204 0.997439 0.0500102 0 0 -10 
0.12321300000000002 -4.80743 -0.0499954 -4.3236 -0.07519630000000001 1.02257 0.841591 -0.1 0.13842000000000002 -2.11578 4.31657 -1.59855 2.5657099999999997 -0.868966 -2.2762599999999997 -2.91498 0.0340172 0.231979 0.167985 
71.8512 1605.88 0.010397100000000001 0.0205248 0.05011 1.22204 0.9978 0.0500088 0 0 -10 
0.12321099999999999 -4.80744 -0.0499961 -4.3236099999999995 -0.07519680000000001 1.0225799999999998 0.841593 -0.1 0.138417 -2.1158 4.31657 -1.59855 2.5657 -0.8689870000000001 -2.2762700000000002 -2.91499 0.0340146 0.23198200000000002 0.167987 
71.4742 1442.13 0.0103692 0.020500099999999997 0.050094400000000004 1.22204 0.9981110000000001 0.0500076 0 0 -10 
0.12320899999999999 -4.80745 -0.0499967 -4.3236300000000005 -0.07519730000000001 1.0225799999999998 0.8415940000000001 -0.1 0.138414 -2.1158200000000003 4.31658 -1.59856 2.5657 -0.8690040000000001 -2.2762700000000002 -2.91499 0.034012400000000005 0.231985 0.167989 
71.1108 1292.11 0.0103452 0.0204787 0.050081 1.22204 0.9983799999999999 0.0500065 0 0 -10 
0.123208 -4.80746 -0.0499972 -4.32364 -0.07519769999999999 1.0225799999999998 0.8415950000000001 -0.1 0.13841199999999998 -2.11583 4.31658 -1.59857 2.5657 -0.8690190000000001 -2.27628 -2.91499 0.0340105 0.231987 0.167991 
70.7605 1155.16 0.0103244 0.020460299999999997 0.0500694 1.22204 0.998611 0.0500056 0 0 -10 
0.123207 -4.80746 -0.0499976 -4.32365 -0.07519810000000002 1.0225899999999999 0.8415950000000001 -0.1 0.13840999999999998 -2.11584 4.31658 -1.59857 2.5657 -0.869031 -2.27628 -2.91499 0.0340089 0.231989 0.167992 
70.4229 1030.56 0.0103066 0.0204445 0.0500595 1.22204 0.9988100000000001 0.0500048 0 0 -10 
0.123206 -4.8074699999999995 -0.049998 -4.32365 -0.0751984 1.0225899999999999 0.8415959999999999 -0.1 0.138409 -2.11585 4.31659 -1.59858 2.5657 -0.869042 -2.27628 -2.91499 0.034007499999999996 0.23199099999999998 0.167993 
70.0974 917.534 0.0102912 0.020430900000000002 0.0500509 1.22204 0.9989819999999999 0.0500041 0 0 -10 
0.123205 -4.8074699999999995 -0.0499983 -4.32366 -0.0751986 1.0225899999999999 0.8415969999999999 -0.1 0.138407 -2.11586 4.31659 -1.59858 2.5657 -0.869051 -2.27629 -2.91499 0.0340064 0.231992 0.167994 
69.7834 815.32 0.010278 0.020419200000000002 0.0500436 1.22204 0.999129 0.0500035 0 0 -10 
0.123204 -4.80748 -0.0499986 -4.32367 -0.07519880000000001 1.0225899999999999 0.8415969999999999 -0.1 0.138406 -2.11586 4.31659 -1.59858 2.5657 -0.869058 -2.27629 -2.91499 0.034005400000000005 0.23199299999999998 0.167995 
69.4806 723.1410000000001 0.0102667 0.020409200000000002 0.0500372 1.22204 0.9992549999999999 0.050003 0 0 -10 
0.123203 -4.80748 -0.0499988 -4.32367 -0.075199 1.0225899999999999 0.841598 -0.1 0.138405 -2.11587 4.31659 -1.59859 2.5657 -0.869065 -2.27629 -2.915 0.034004599999999996 0.231994 0.167996 
69.1883 640.232 0.010256999999999999 0.0204005 0.0500318 1.22204 0.9993639999999999 0.0500025 0 0 -10 
0.123203 -4.80748 -0.049999 -4.32368 -0.0751991 1.0225899999999999 0.841598 -0.1 0.138405 -2.11587 4.31659 -1.59859 2.5657 -0.8690700000000001 -2.27629 -2.915 0.034004 0.23199499999999998 0.167997 
68.9062 565.849 0.010248700000000001 0.0203932 0.0500272 1.22204 0.9994569999999999 0.0500022 0 0 -10 
0.12321300000000002 -4.8075 -0.0499982 -4.32368 -0.0751986 1.0225899999999999 0.8415860000000001 -0.1 0.138422 -2.11587 4.3166 -1.59858 2.5657200000000002 -0.8690629999999999 -2.2762700000000002 -2.91498 0.0340084 0.23199499999999998 0.167995 
68.6336 499.276 0.0102415 0.0203868 0.0500232 1.22204 0.9995370000000001 0.0500019 0 0 -10 
0.123296 -4.80759 -0.0499908 -4.32368 -0.0751931 1.02257 0.841491 -0.1 0.13856300000000002 -2.1158200000000003 4.31668 -1.59851 2.56582 -0.868976 -2.2761299999999998 -2.91486 0.0340474 0.23199099999999998 0.167983 
68.3702 439.829 0.0102354 0.0203814 0.0500198 1.22204 0.999605 0.05000159999999999 0 0 -10 
0.123619 -4.80796 -0.0499614 -4.32367 -0.0751716 1.02247 0.841118 -0.1 0.13911300000000001 -2.11559 4.31698 -1.5982100000000001 2.56625 -0.8686229999999999 -2.2755799999999997 -2.9144099999999997 0.0342011 0.231971 0.167931 
68.1155 386.861 0.0102302 0.0203768 0.0500168 1.22204 0.999663 0.050001300000000005 0 0 -10 
0.12446199999999999 -4.80891 -0.0498848 -4.32365 -0.0751152 1.02221 0.840146 -0.1 0.14055 -2.115 4.317740000000001 -1.59744 2.56736 -0.8676969999999999 -2.27415 -2.91321 0.0346028 0.23192 0.167796 
67.8689 339.76599999999996 0.0102257 0.020372799999999996 0.050014300000000005 1.22204 0.999713 0.0500011 0 0 -10 
0.126174 -4.81084 -0.0497291 -4.3236 -0.07500060000000001 1.02169 0.8381719999999999 -0.1 0.143469 -2.1137900000000003 4.3193 -1.5958700000000001 2.56962 -0.865814 -2.27123 -2.91079 0.035419 0.231814 0.167522 
67.6301 297.974 0.010221899999999999 0.020369400000000003 0.05001219999999999 1.22204 0.999756 0.050001 0 0 -10 
0.129124 -4.81417 -0.0494608 -4.32351 -0.07480310000000001 1.0207899999999999 0.8347709999999999 -0.1 0.148497 -2.11171 4.32199 -1.5931600000000001 2.5735099999999997 -0.862568 -2.26621 -2.9066099999999997 0.036825 0.231632 0.16705 
67.3987 260.961 0.010218600000000001 0.0203665 0.0500104 1.22204 0.999792 0.050000800000000005 0 0 -10 
0.133648 -4.8192699999999995 -0.049049300000000004 -4.32337 -0.07450019999999999 1.01942 0.829556 -0.1 0.15620699999999998 -2.10852 4.3261 -1.58902 2.57947 -0.8575889999999999 -2.25851 -2.9002 0.0389814 0.231352 0.166326 
67.1743 228.238 0.010215799999999999 0.020364 0.0500088 1.22204 0.9998229999999999 0.050000699999999995 0 0 -10 
0.140017 -4.82645 -0.0484699 -4.323180000000001 -0.07407380000000001 1.01748 0.8222139999999999 -0.1 0.167061 -2.10403 4.3319 -1.58318 2.58787 -0.8505780000000001 -2.2476700000000003 -2.89118 0.0420173 0.230958 0.16530699999999998 
66.9563 199.36 0.0102135 0.020361900000000002 0.050007499999999996 1.22204 0.99985 0.0500006 0 0 -10 
0.14841300000000002 -4.83591 -0.047706 -4.32292 -0.07351160000000001 1.01492 0.812533 -0.1 0.181372 -2.0981099999999997 4.33954 -1.57548 2.5989400000000002 -0.841335 -2.23337 -2.87929 0.04602 0.23043899999999998 0.163962 
66.7446 173.918 0.010211399999999999 0.0203601 0.0500064 1.22204 0.999872 0.050000499999999996 0 0 -10 
0.158926 -4.84776 -0.0467497 -4.3226 -0.07280779999999999 1.0117200000000002 0.8004140000000001 -0.1 0.19928800000000002 -2.09069 4.3491 -1.56584 2.61279 -0.8297620000000001 -2.21548 -2.8644 0.0510312 0.229789 0.162279 
66.5387 151.53799999999998 0.0102097 0.020358599999999998 0.050005400000000005 1.22204 0.999892 0.0500004 0 0 -10 
0.171547 -4.86198 -0.045601499999999996 -4.32221 -0.07196269999999999 1.00787 0.785864 -0.1 0.2208 -2.0817900000000003 4.360580000000001 -1.55426 2.6294299999999997 -0.815866 -2.1939900000000003 -2.84653 0.057048 0.229008 0.16025799999999998 
66.3383 131.884 0.0102082 0.0203573 0.050004599999999996 1.22204 0.999908 0.0500004 0 0 -10 
0.186187 -4.878480000000001 -0.044269699999999995 -4.32176 -0.0709825 1.0034100000000001 0.768986 -0.1 0.24575 -2.0714599999999996 4.3739 -1.54084 2.64873 -0.7997489999999999 -2.16906 -2.82579 0.06402680000000001 0.22810300000000003 0.157914 
66.1431 114.648 0.010206999999999999 0.0203562 0.0500039 1.22204 0.999922 0.050000300000000004 0 0 -10 
0.202683 -4.89708 -0.042768900000000006 -4.32125 -0.06987789999999999 0.99839 0.749969 -0.1 0.273865 -2.05983 4.38891 -1.5257100000000001 2.67048 -0.7815880000000001 -2.14098 -2.8024299999999998 0.07189060000000001 0.227082 0.155273 
65.9527 99.5557 0.0102059 0.0203553 0.0500033 1.22204 0.999934 0.050000300000000004 0 0 -10 
0.220818 -4.91751 -0.0411191 -4.3207 -0.0686636 0.992866 0.729062 -0.1 0.304774 -2.04704 4.40541 -1.50908 2.6943799999999998 -0.761621 -2.1101 -2.77674 0.0805359 0.22596100000000002 0.152369 
65.7668 86.3577 0.010205 0.020354499999999998 0.0500028 1.22204 0.999944 0.050000199999999995 0 0 -10 
0.24033800000000002 -4.93951 -0.039343199999999995 -4.3201 -0.0673566 0.9869209999999999 0.706558 -0.1 0.338043 -2.03327 4.42317 -1.49118 2.72012 -0.7401310000000001 -2.07687 -2.7491 0.0898413 0.224753 0.14924400000000002 
65.5853 74.8319 0.0102043 0.0203538 0.0500024 1.22204 0.9999520000000001 0.050000199999999995 0 0 -10 
0.260965 -4.96276 -0.0374667 -4.319459999999999 -0.0659755 0.9806389999999999 0.682779 -0.1 0.373197 -2.01872 4.44193 -1.4722600000000001 2.7473099999999997 -0.717421 -2.04175 -2.71988 0.09967419999999999 0.223477 0.14594100000000002 
65.4077 64.7794 0.0102036 0.020353200000000002 0.050002 1.22204 0.9999600000000001 0.050000199999999995 0 0 -10 
0.282411 -4.98693 -0.0355157 -4.3188 -0.0645395 0.9741059999999999 0.6580550000000001 -0.1 0.40974799999999995 -2.00359 4.4614400000000005 -1.4526 2.7755799999999997 -0.69381 -2.00524 -2.68951 0.109898 0.22215 0.142508 
65.2339 56.0227 0.010203100000000001 0.0203527 0.050001699999999996 1.22204 0.999966 0.0500001 0 0 -10 
0.30439299999999997 -5.0117 -0.0335159 -4.31813 -0.0630677 0.967411 0.632714 -0.1 0.447212 -1.9880799999999998 4.48144 -1.43244 2.80455 -0.669609 -1.9678200000000001 -2.6583799999999997 0.120377 0.220791 0.138988 
65.0637 48.4041 0.010202600000000001 0.0203523 0.0500014 1.22204 0.9999709999999999 0.0500001 0 0 -10 
0.326638 -5.03677 -0.031492200000000005 -4.31744 -0.06157819999999999 0.960636 0.607069 -0.1 0.485125 -1.97239 4.50168 -1.41204 2.8338799999999997 -0.645117 -1.9299400000000002 -2.6268700000000003 0.130981 0.219415 0.135426 
64.8967 41.7831 0.0102022 0.0203519 0.050001199999999996 1.22204 0.999976 0.0500001 0 0 -10 
0.348894 -5.06186 -0.029467400000000005 -4.3167599999999995 -0.060088 0.953857 0.581411 -0.1 0.523058 -1.95669 4.52193 -1.39163 2.86322 -0.620614 -1.89205 -2.59535 0.141591 0.218038 0.131863 
64.7329 36.0357 0.010201799999999999 0.020351599999999997 0.050001 1.22204 0.9999790000000001 0.0500001 0 0 -10 
0.37093400000000004 -5.0867 -0.0274623 -4.31608 -0.058612300000000006 0.9471440000000001 0.556003 -0.1 0.56062 -1.94114 4.541980000000001 -1.37142 2.89227 -0.596349 -1.85453 -2.56413 0.152097 0.21667399999999998 0.128334 
64.5719 31.052 0.0102016 0.020351400000000002 0.0500009 1.22204 0.999983 0.0500001 0 0 -10 
0.392556 -5.11106 -0.025495300000000002 -4.31542 -0.0571645 0.940558 0.531077 -0.1 0.597471 -1.92589 4.56165 -1.35159 2.92077 -0.5725439999999999 -1.81772 -2.5335099999999997 0.162405 0.215337 0.124872 
64.4137 26.735 0.0102013 0.0203512 0.050000699999999995 1.22204 0.999985 0.0500001 0 0 -10 
0.41358900000000004 -5.13477 -0.0235818 -4.314769999999999 -0.0557562 0.9341520000000001 0.506829 -0.1 0.633318 -1.91105 4.58078 -1.3323 2.9485 -0.549387 -1.7819099999999999 -2.50372 0.172431 0.214036 0.121504 
64.258 22.9993 0.010201100000000001 0.020350999999999998 0.0500006 1.22204 0.9999879999999999 0.05 0 0 -10 
0.43389099999999997 -5.15765 -0.0217348 -4.31415 -0.05439680000000001 0.927968 0.48342399999999996 -0.1 0.6679189999999999 -1.89673 4.59925 -1.31369 2.97526 -0.527035 -1.74735 -2.47497 0.182109 0.21278000000000002 0.118253 
64.1046 19.7699 0.0102009 0.0203508 0.050000499999999996 1.22204 0.9999899999999999 0.05 0 0 -10 
0.453348 -5.1795800000000005 -0.019964700000000002 -4.31355 -0.053094 0.922042 0.46099300000000004 -0.1 0.7010810000000001 -1.8830099999999999 4.61695 -1.2958399999999999 3.0009099999999997 -0.505613 -1.71422 -2.4474099999999996 0.191385 0.21157600000000001 0.115138 
63.9535 16.9807 0.0102008 0.0203507 0.0500004 1.22204 0.999991 0.05 0 0 -10 
0.47187399999999996 -5.20046 -0.018279300000000002 -4.3129800000000005 -0.05185359999999999 0.916399 0.43963500000000005 -0.1 0.7326550000000001 -1.8699400000000002 4.6338099999999995 -1.27886 3.02533 -0.485216 -1.68268 -2.42117 0.200216 0.21043 0.11217200000000001 
63.8045 14.5741 0.0102007 0.020350599999999996 0.0500004 1.22204 0.999993 0.05 0 0 -10 
0.48940600000000006 -5.220219999999999 -0.0166843 -4.3124400000000005 -0.0506796 0.9110590000000001 0.41942299999999993 -0.1 0.762537 -1.8575700000000002 4.64976 -1.26278 3.0484400000000003 -0.465913 -1.65283 -2.3963400000000004 0.20857399999999998 0.20934499999999998 0.10936400000000002 
63.6574 12.4993 0.0102006 0.0203505 0.050000300000000004 1.22204 0.999994 0.05 0 0 -10 
0.5059060000000001 -5.23881 -0.015183199999999999 -4.31193 -0.0495748 0.906033 0.400402 -0.1 0.790658 -1.8459299999999998 4.66477 -1.24765 3.0702 -0.447747 -1.62474 -2.37297 0.21644000000000002 0.208325 0.106722 
